Dynamic analysis of a beam
621 1 1 2 0 0 0
1.0 2 0 0 0 0 0 0.01 2
1 0 0 0 10.0 50.0 10.0
2 0 0 0 10.0 50.0 0.0
3 0 0 0 10.0 100.0 0.0
4 0 0 0 10.0 100.0 10.0
5 0 0 0 0.0 50.0 0.0
6 0 0 0 0.0 100.0 0.0
7 0 0 0 0.0 100.0 10.0
8 0 0 0 0.0 50.0 10.0
9 1 1 1 10.0 0.0 10.0
10 1 1 1 10.0 0.0 0.0
11 1 1 1 0.0 0.0 10.0
12 1 1 1 0.0 0.0 0.0
13 0 0 0 10.0 50.0 5.0
14 0 0 0 10.0 55.0 0.0
15 0 0 0 10.0 60.0 0.0
16 0 0 0 10.0 65.0 0.0
17 0 0 0 10.0 70.0 0.0
18 0 0 0 10.0 75.0 0.0
19 0 0 0 10.0 80.0 0.0
20 0 0 0 10.0 85.0 0.0
21 0 0 0 10.0 90.0 0.0
22 0 0 0 10.0 95.0 0.0
23 0 0 0 10.0 100.0 5.0
24 0 0 0 10.0 95.0 10.0
25 0 0 0 10.0 90.0 10.0
26 0 0 0 10.0 85.0 10.0
27 0 0 0 10.0 80.0 10.0
28 0 0 0 10.0 75.0 10.0
29 0 0 0 10.0 70.0 10.0
30 0 0 0 10.0 65.0 10.0
31 0 0 0 10.0 60.0 10.0
32 0 0 0 10.0 55.0 10.0
33 0 0 0 0.0 50.0 5.0
34 0 0 0 0.0 95.0 0.0
35 0 0 0 0.0 90.0 0.0
36 0 0 0 0.0 85.0 0.0
37 0 0 0 0.0 80.0 0.0
38 0 0 0 0.0 75.0 0.0
39 0 0 0 0.0 70.0 0.0
40 0 0 0 0.0 65.0 0.0
41 0 0 0 0.0 60.0 0.0
42 0 0 0 0.0 55.0 0.0
43 0 0 0 0.0 100.0 5.0
44 0 0 0 0.0 55.0 10.0
45 0 0 0 0.0 60.0 10.0
46 0 0 0 0.0 65.0 10.0
47 0 0 0 0.0 70.0 10.0
48 0 0 0 0.0 75.0 10.0
49 0 0 0 0.0 80.0 10.0
50 0 0 0 0.0 85.0 10.0
51 0 0 0 0.0 90.0 10.0
52 0 0 0 0.0 95.0 10.0
53 0 0 0 5.0 100.0 10.0
54 0 0 0 5.0 50.0 10.0
55 0 0 0 5.0 100.0 0.0
56 0 0 0 5.0 50.0 0.0
57 0 0 0 10.0 45.0 10.0
58 0 0 0 10.0 40.0 10.0
59 0 0 0 10.0 35.0 10.0
60 0 0 0 10.0 30.0 10.0
61 0 0 0 10.0 25.0 10.0
62 0 0 0 10.0 20.0 10.0
63 0 0 0 10.0 15.0 10.0
64 0 0 0 10.0 10.0 10.0
65 0 0 0 10.0 5.0 10.0
66 1 1 1 10.0 0.0 5.0
67 0 0 0 10.0 5.0 0.0
68 0 0 0 10.0 10.0 0.0
69 0 0 0 10.0 15.0 0.0
70 0 0 0 10.0 20.0 0.0
71 0 0 0 10.0 25.0 0.0
72 0 0 0 10.0 30.0 0.0
73 0 0 0 10.0 35.0 0.0
74 0 0 0 10.0 40.0 0.0
75 0 0 0 10.0 45.0 0.0
76 0 0 0 0.0 5.0 10.0
77 0 0 0 0.0 10.0 10.0
78 0 0 0 0.0 15.0 10.0
79 0 0 0 0.0 20.0 10.0
80 0 0 0 0.0 25.0 10.0
81 0 0 0 0.0 30.0 10.0
82 0 0 0 0.0 35.0 10.0
83 0 0 0 0.0 40.0 10.0
84 0 0 0 0.0 45.0 10.0
85 1 1 1 0.0 0.0 5.0
86 0 0 0 0.0 45.0 0.0
87 0 0 0 0.0 40.0 0.0
88 0 0 0 0.0 35.0 0.0
89 0 0 0 0.0 30.0 0.0
90 0 0 0 0.0 25.0 0.0
91 0 0 0 0.0 20.0 0.0
92 0 0 0 0.0 15.0 0.0
93 0 0 0 0.0 10.0 0.0
94 0 0 0 0.0 5.0 0.0
95 1 1 1 5.0 0.0 0.0
96 1 1 1 5.0 0.0 10.0
97 0 0 0 10.0 55.0 5.0
98 0 0 0 10.0 60.0 5.0
99 0 0 0 10.0 65.0 5.0
100 0 0 0 10.0 70.0 5.0
101 0 0 0 10.0 75.0 5.0
102 0 0 0 10.0 80.0 5.0
103 0 0 0 10.0 85.0 5.0
104 0 0 0 10.0 90.0 5.0
105 0 0 0 10.0 95.0 5.0
106 0 0 0 0.0 55.0 5.0
107 0 0 0 0.0 60.0 5.0
108 0 0 0 0.0 65.0 5.0
109 0 0 0 0.0 70.0 5.0
110 0 0 0 0.0 75.0 5.0
111 0 0 0 0.0 80.0 5.0
112 0 0 0 0.0 85.0 5.0
113 0 0 0 0.0 90.0 5.0
114 0 0 0 0.0 95.0 5.0
115 0 0 0 5.0 55.0 10.0
116 0 0 0 5.0 60.0 10.0
117 0 0 0 5.0 65.0 10.0
118 0 0 0 5.0 70.0 10.0
119 0 0 0 5.0 75.0 10.0
120 0 0 0 5.0 80.0 10.0
121 0 0 0 5.0 85.0 10.0
122 0 0 0 5.0 90.0 10.0
123 0 0 0 5.0 95.0 10.0
124 0 0 0 5.0 55.0 0.0
125 0 0 0 5.0 60.0 0.0
126 0 0 0 5.0 65.0 0.0
127 0 0 0 5.0 70.0 0.0
128 0 0 0 5.0 75.0 0.0
129 0 0 0 5.0 80.0 0.0
130 0 0 0 5.0 85.0 0.0
131 0 0 0 5.0 90.0 0.0
132 0 0 0 5.0 95.0 0.0
133 0 0 0 5.0 50.0 5.0
134 0 0 0 5.0 100.0 5.0
135 0 0 0 10.0 45.0 5.0
136 0 0 0 10.0 40.0 5.0
137 0 0 0 10.0 35.0 5.0
138 0 0 0 10.0 30.0 5.0
139 0 0 0 10.0 25.0 5.0
140 0 0 0 10.0 20.0 5.0
141 0 0 0 10.0 15.0 5.0
142 0 0 0 10.0 10.0 5.0
143 0 0 0 10.0 5.0 5.0
144 0 0 0 0.0 45.0 5.0
145 0 0 0 0.0 40.0 5.0
146 0 0 0 0.0 35.0 5.0
147 0 0 0 0.0 30.0 5.0
148 0 0 0 0.0 25.0 5.0
149 0 0 0 0.0 20.0 5.0
150 0 0 0 0.0 15.0 5.0
151 0 0 0 0.0 10.0 5.0
152 0 0 0 0.0 5.0 5.0
153 0 0 0 5.0 45.0 0.0
154 0 0 0 5.0 40.0 0.0
155 0 0 0 5.0 35.0 0.0
156 0 0 0 5.0 30.0 0.0
157 0 0 0 5.0 25.0 0.0
158 0 0 0 5.0 20.0 0.0
159 0 0 0 5.0 15.0 0.0
160 0 0 0 5.0 10.0 0.0
161 0 0 0 5.0 5.0 0.0
162 0 0 0 5.0 45.0 10.0
163 0 0 0 5.0 40.0 10.0
164 0 0 0 5.0 35.0 10.0
165 0 0 0 5.0 30.0 10.0
166 0 0 0 5.0 25.0 10.0
167 0 0 0 5.0 20.0 10.0
168 0 0 0 5.0 15.0 10.0
169 0 0 0 5.0 10.0 10.0
170 0 0 0 5.0 5.0 10.0
171 1 1 1 5.0 0.0 5.0
172 0 0 0 5.0 55.0 5.0
173 0 0 0 5.0 60.0 5.0
174 0 0 0 5.0 65.0 5.0
175 0 0 0 5.0 70.0 5.0
176 0 0 0 5.0 75.0 5.0
177 0 0 0 5.0 80.0 5.0
178 0 0 0 5.0 85.0 5.0
179 0 0 0 5.0 90.0 5.0
180 0 0 0 5.0 95.0 5.0
181 0 0 0 5.0 45.0 5.0
182 0 0 0 5.0 40.0 5.0
183 0 0 0 5.0 35.0 5.0
184 0 0 0 5.0 30.0 5.0
185 0 0 0 5.0 25.0 5.0
186 0 0 0 5.0 20.0 5.0
187 0 0 0 5.0 15.0 5.0
188 0 0 0 5.0 10.0 5.0
189 0 0 0 5.0 5.0 5.0
190 0 0 0 5.0 52.5 10.0
191 0 0 0 5.0 55.0 7.5
192 0 0 0 5.0 52.5 5.0
193 0 0 0 5.0 50.0 7.5
194 0 0 0 10.0 50.0 7.5
195 0 0 0 10.0 52.5 5.0
196 0 0 0 10.0 55.0 7.5
197 0 0 0 10.0 52.5 10.0
198 0 0 0 7.5 50.0 5.0
199 0 0 0 7.5 50.0 10.0
200 0 0 0 7.5 55.0 5.0
201 0 0 0 7.5 55.0 10.0
202 0 0 0 5.0 55.0 2.5
203 0 0 0 5.0 52.5 0.0
204 0 0 0 5.0 50.0 2.5
205 0 0 0 10.0 50.0 2.5
206 0 0 0 10.0 52.5 0.0
207 0 0 0 10.0 55.0 2.5
208 0 0 0 7.5 50.0 0.0
209 0 0 0 7.5 55.0 0.0
210 0 0 0 5.0 57.5 10.0
211 0 0 0 5.0 60.0 7.5
212 0 0 0 5.0 57.5 5.0
213 0 0 0 10.0 57.5 5.0
214 0 0 0 10.0 60.0 7.5
215 0 0 0 10.0 57.5 10.0
216 0 0 0 7.5 60.0 5.0
217 0 0 0 7.5 60.0 10.0
218 0 0 0 5.0 60.0 2.5
219 0 0 0 5.0 57.5 0.0
220 0 0 0 10.0 57.5 0.0
221 0 0 0 10.0 60.0 2.5
222 0 0 0 7.5 60.0 0.0
223 0 0 0 5.0 62.5 10.0
224 0 0 0 5.0 65.0 7.5
225 0 0 0 5.0 62.5 5.0
226 0 0 0 10.0 62.5 5.0
227 0 0 0 10.0 65.0 7.5
228 0 0 0 10.0 62.5 10.0
229 0 0 0 7.5 65.0 5.0
230 0 0 0 7.5 65.0 10.0
231 0 0 0 5.0 65.0 2.5
232 0 0 0 5.0 62.5 0.0
233 0 0 0 10.0 62.5 0.0
234 0 0 0 10.0 65.0 2.5
235 0 0 0 7.5 65.0 0.0
236 0 0 0 5.0 67.5 10.0
237 0 0 0 5.0 70.0 7.5
238 0 0 0 5.0 67.5 5.0
239 0 0 0 10.0 67.5 5.0
240 0 0 0 10.0 70.0 7.5
241 0 0 0 10.0 67.5 10.0
242 0 0 0 7.5 70.0 5.0
243 0 0 0 7.5 70.0 10.0
244 0 0 0 5.0 70.0 2.5
245 0 0 0 5.0 67.5 0.0
246 0 0 0 10.0 67.5 0.0
247 0 0 0 10.0 70.0 2.5
248 0 0 0 7.5 70.0 0.0
249 0 0 0 5.0 72.5 10.0
250 0 0 0 5.0 75.0 7.5
251 0 0 0 5.0 72.5 5.0
252 0 0 0 10.0 72.5 5.0
253 0 0 0 10.0 75.0 7.5
254 0 0 0 10.0 72.5 10.0
255 0 0 0 7.5 75.0 5.0
256 0 0 0 7.5 75.0 10.0
257 0 0 0 5.0 75.0 2.5
258 0 0 0 5.0 72.5 0.0
259 0 0 0 10.0 72.5 0.0
260 0 0 0 10.0 75.0 2.5
261 0 0 0 7.5 75.0 0.0
262 0 0 0 5.0 77.5 10.0
263 0 0 0 5.0 80.0 7.5
264 0 0 0 5.0 77.5 5.0
265 0 0 0 10.0 77.5 5.0
266 0 0 0 10.0 80.0 7.5
267 0 0 0 10.0 77.5 10.0
268 0 0 0 7.5 80.0 5.0
269 0 0 0 7.5 80.0 10.0
270 0 0 0 5.0 80.0 2.5
271 0 0 0 5.0 77.5 0.0
272 0 0 0 10.0 77.5 0.0
273 0 0 0 10.0 80.0 2.5
274 0 0 0 7.5 80.0 0.0
275 0 0 0 5.0 82.5 10.0
276 0 0 0 5.0 85.0 7.5
277 0 0 0 5.0 82.5 5.0
278 0 0 0 10.0 82.5 5.0
279 0 0 0 10.0 85.0 7.5
280 0 0 0 10.0 82.5 10.0
281 0 0 0 7.5 85.0 5.0
282 0 0 0 7.5 85.0 10.0
283 0 0 0 5.0 85.0 2.5
284 0 0 0 5.0 82.5 0.0
285 0 0 0 10.0 82.5 0.0
286 0 0 0 10.0 85.0 2.5
287 0 0 0 7.5 85.0 0.0
288 0 0 0 5.0 87.5 10.0
289 0 0 0 5.0 90.0 7.5
290 0 0 0 5.0 87.5 5.0
291 0 0 0 10.0 87.5 5.0
292 0 0 0 10.0 90.0 7.5
293 0 0 0 10.0 87.5 10.0
294 0 0 0 7.5 90.0 5.0
295 0 0 0 7.5 90.0 10.0
296 0 0 0 5.0 90.0 2.5
297 0 0 0 5.0 87.5 0.0
298 0 0 0 10.0 87.5 0.0
299 0 0 0 10.0 90.0 2.5
300 0 0 0 7.5 90.0 0.0
301 0 0 0 5.0 92.5 10.0
302 0 0 0 5.0 95.0 7.5
303 0 0 0 5.0 92.5 5.0
304 0 0 0 10.0 92.5 5.0
305 0 0 0 10.0 95.0 7.5
306 0 0 0 10.0 92.5 10.0
307 0 0 0 7.5 95.0 5.0
308 0 0 0 7.5 95.0 10.0
309 0 0 0 5.0 95.0 2.5
310 0 0 0 5.0 92.5 0.0
311 0 0 0 10.0 92.5 0.0
312 0 0 0 10.0 95.0 2.5
313 0 0 0 7.5 95.0 0.0
314 0 0 0 5.0 97.5 10.0
315 0 0 0 5.0 100.0 7.5
316 0 0 0 5.0 97.5 5.0
317 0 0 0 10.0 97.5 5.0
318 0 0 0 10.0 100.0 7.5
319 0 0 0 10.0 97.5 10.0
320 0 0 0 7.5 100.0 5.0
321 0 0 0 7.5 100.0 10.0
322 0 0 0 5.0 100.0 2.5
323 0 0 0 5.0 97.5 0.0
324 0 0 0 10.0 97.5 0.0
325 0 0 0 10.0 100.0 2.5
326 0 0 0 7.5 100.0 0.0
327 0 0 0 0.0 52.5 10.0
328 0 0 0 0.0 55.0 7.5
329 0 0 0 0.0 52.5 5.0
330 0 0 0 0.0 50.0 7.5
331 0 0 0 2.5 50.0 5.0
332 0 0 0 2.5 50.0 10.0
333 0 0 0 2.5 55.0 5.0
334 0 0 0 2.5 55.0 10.0
335 0 0 0 0.0 55.0 2.5
336 0 0 0 0.0 52.5 0.0
337 0 0 0 0.0 50.0 2.5
338 0 0 0 2.5 50.0 0.0
339 0 0 0 2.5 55.0 0.0
340 0 0 0 0.0 57.5 10.0
341 0 0 0 0.0 60.0 7.5
342 0 0 0 0.0 57.5 5.0
343 0 0 0 2.5 60.0 5.0
344 0 0 0 2.5 60.0 10.0
345 0 0 0 0.0 60.0 2.5
346 0 0 0 0.0 57.5 0.0
347 0 0 0 2.5 60.0 0.0
348 0 0 0 0.0 62.5 10.0
349 0 0 0 0.0 65.0 7.5
350 0 0 0 0.0 62.5 5.0
351 0 0 0 2.5 65.0 5.0
352 0 0 0 2.5 65.0 10.0
353 0 0 0 0.0 65.0 2.5
354 0 0 0 0.0 62.5 0.0
355 0 0 0 2.5 65.0 0.0
356 0 0 0 0.0 67.5 10.0
357 0 0 0 0.0 70.0 7.5
358 0 0 0 0.0 67.5 5.0
359 0 0 0 2.5 70.0 5.0
360 0 0 0 2.5 70.0 10.0
361 0 0 0 0.0 70.0 2.5
362 0 0 0 0.0 67.5 0.0
363 0 0 0 2.5 70.0 0.0
364 0 0 0 0.0 72.5 10.0
365 0 0 0 0.0 75.0 7.5
366 0 0 0 0.0 72.5 5.0
367 0 0 0 2.5 75.0 5.0
368 0 0 0 2.5 75.0 10.0
369 0 0 0 0.0 75.0 2.5
370 0 0 0 0.0 72.5 0.0
371 0 0 0 2.5 75.0 0.0
372 0 0 0 0.0 77.5 10.0
373 0 0 0 0.0 80.0 7.5
374 0 0 0 0.0 77.5 5.0
375 0 0 0 2.5 80.0 5.0
376 0 0 0 2.5 80.0 10.0
377 0 0 0 0.0 80.0 2.5
378 0 0 0 0.0 77.5 0.0
379 0 0 0 2.5 80.0 0.0
380 0 0 0 0.0 82.5 10.0
381 0 0 0 0.0 85.0 7.5
382 0 0 0 0.0 82.5 5.0
383 0 0 0 2.5 85.0 5.0
384 0 0 0 2.5 85.0 10.0
385 0 0 0 0.0 85.0 2.5
386 0 0 0 0.0 82.5 0.0
387 0 0 0 2.5 85.0 0.0
388 0 0 0 0.0 87.5 10.0
389 0 0 0 0.0 90.0 7.5
390 0 0 0 0.0 87.5 5.0
391 0 0 0 2.5 90.0 5.0
392 0 0 0 2.5 90.0 10.0
393 0 0 0 0.0 90.0 2.5
394 0 0 0 0.0 87.5 0.0
395 0 0 0 2.5 90.0 0.0
396 0 0 0 0.0 92.5 10.0
397 0 0 0 0.0 95.0 7.5
398 0 0 0 0.0 92.5 5.0
399 0 0 0 2.5 95.0 5.0
400 0 0 0 2.5 95.0 10.0
401 0 0 0 0.0 95.0 2.5
402 0 0 0 0.0 92.5 0.0
403 0 0 0 2.5 95.0 0.0
404 0 0 0 0.0 97.5 10.0
405 0 0 0 0.0 100.0 7.5
406 0 0 0 0.0 97.5 5.0
407 0 0 0 2.5 100.0 5.0
408 0 0 0 2.5 100.0 10.0
409 0 0 0 0.0 100.0 2.5
410 0 0 0 0.0 97.5 0.0
411 0 0 0 2.5 100.0 0.0
412 0 0 0 5.0 47.5 0.0
413 0 0 0 5.0 45.0 2.5
414 0 0 0 5.0 47.5 5.0
415 0 0 0 10.0 47.5 5.0
416 0 0 0 10.0 45.0 2.5
417 0 0 0 10.0 47.5 0.0
418 0 0 0 7.5 45.0 5.0
419 0 0 0 7.5 45.0 0.0
420 0 0 0 5.0 45.0 7.5
421 0 0 0 5.0 47.5 10.0
422 0 0 0 10.0 47.5 10.0
423 0 0 0 10.0 45.0 7.5
424 0 0 0 7.5 45.0 10.0
425 0 0 0 5.0 42.5 0.0
426 0 0 0 5.0 40.0 2.5
427 0 0 0 5.0 42.5 5.0
428 0 0 0 10.0 42.5 5.0
429 0 0 0 10.0 40.0 2.5
430 0 0 0 10.0 42.5 0.0
431 0 0 0 7.5 40.0 5.0
432 0 0 0 7.5 40.0 0.0
433 0 0 0 5.0 40.0 7.5
434 0 0 0 5.0 42.5 10.0
435 0 0 0 10.0 42.5 10.0
436 0 0 0 10.0 40.0 7.5
437 0 0 0 7.5 40.0 10.0
438 0 0 0 5.0 37.5 0.0
439 0 0 0 5.0 35.0 2.5
440 0 0 0 5.0 37.5 5.0
441 0 0 0 10.0 37.5 5.0
442 0 0 0 10.0 35.0 2.5
443 0 0 0 10.0 37.5 0.0
444 0 0 0 7.5 35.0 5.0
445 0 0 0 7.5 35.0 0.0
446 0 0 0 5.0 35.0 7.5
447 0 0 0 5.0 37.5 10.0
448 0 0 0 10.0 37.5 10.0
449 0 0 0 10.0 35.0 7.5
450 0 0 0 7.5 35.0 10.0
451 0 0 0 5.0 32.5 0.0
452 0 0 0 5.0 30.0 2.5
453 0 0 0 5.0 32.5 5.0
454 0 0 0 10.0 32.5 5.0
455 0 0 0 10.0 30.0 2.5
456 0 0 0 10.0 32.5 0.0
457 0 0 0 7.5 30.0 5.0
458 0 0 0 7.5 30.0 0.0
459 0 0 0 5.0 30.0 7.5
460 0 0 0 5.0 32.5 10.0
461 0 0 0 10.0 32.5 10.0
462 0 0 0 10.0 30.0 7.5
463 0 0 0 7.5 30.0 10.0
464 0 0 0 5.0 27.5 0.0
465 0 0 0 5.0 25.0 2.5
466 0 0 0 5.0 27.5 5.0
467 0 0 0 10.0 27.5 5.0
468 0 0 0 10.0 25.0 2.5
469 0 0 0 10.0 27.5 0.0
470 0 0 0 7.5 25.0 5.0
471 0 0 0 7.5 25.0 0.0
472 0 0 0 5.0 25.0 7.5
473 0 0 0 5.0 27.5 10.0
474 0 0 0 10.0 27.5 10.0
475 0 0 0 10.0 25.0 7.5
476 0 0 0 7.5 25.0 10.0
477 0 0 0 5.0 22.5 0.0
478 0 0 0 5.0 20.0 2.5
479 0 0 0 5.0 22.5 5.0
480 0 0 0 10.0 22.5 5.0
481 0 0 0 10.0 20.0 2.5
482 0 0 0 10.0 22.5 0.0
483 0 0 0 7.5 20.0 5.0
484 0 0 0 7.5 20.0 0.0
485 0 0 0 5.0 20.0 7.5
486 0 0 0 5.0 22.5 10.0
487 0 0 0 10.0 22.5 10.0
488 0 0 0 10.0 20.0 7.5
489 0 0 0 7.5 20.0 10.0
490 0 0 0 5.0 17.5 0.0
491 0 0 0 5.0 15.0 2.5
492 0 0 0 5.0 17.5 5.0
493 0 0 0 10.0 17.5 5.0
494 0 0 0 10.0 15.0 2.5
495 0 0 0 10.0 17.5 0.0
496 0 0 0 7.5 15.0 5.0
497 0 0 0 7.5 15.0 0.0
498 0 0 0 5.0 15.0 7.5
499 0 0 0 5.0 17.5 10.0
500 0 0 0 10.0 17.5 10.0
501 0 0 0 10.0 15.0 7.5
502 0 0 0 7.5 15.0 10.0
503 0 0 0 5.0 12.5 0.0
504 0 0 0 5.0 10.0 2.5
505 0 0 0 5.0 12.5 5.0
506 0 0 0 10.0 12.5 5.0
507 0 0 0 10.0 10.0 2.5
508 0 0 0 10.0 12.5 0.0
509 0 0 0 7.5 10.0 5.0
510 0 0 0 7.5 10.0 0.0
511 0 0 0 5.0 10.0 7.5
512 0 0 0 5.0 12.5 10.0
513 0 0 0 10.0 12.5 10.0
514 0 0 0 10.0 10.0 7.5
515 0 0 0 7.5 10.0 10.0
516 0 0 0 5.0 7.5 0.0
517 0 0 0 5.0 5.0 2.5
518 0 0 0 5.0 7.5 5.0
519 0 0 0 10.0 7.5 5.0
520 0 0 0 10.0 5.0 2.5
521 0 0 0 10.0 7.5 0.0
522 0 0 0 7.5 5.0 5.0
523 0 0 0 7.5 5.0 0.0
524 0 0 0 5.0 5.0 7.5
525 0 0 0 5.0 7.5 10.0
526 0 0 0 10.0 7.5 10.0
527 0 0 0 10.0 5.0 7.5
528 0 0 0 7.5 5.0 10.0
529 0 0 0 5.0 2.5 0.0
530 1 1 1 5.0 0.0 2.5
531 0 0 0 5.0 2.5 5.0
532 0 0 0 10.0 2.5 5.0
533 1 1 1 10.0 0.0 2.5
534 0 0 0 10.0 2.5 0.0
535 1 1 1 7.5 0.0 5.0
536 1 1 1 7.5 0.0 0.0
537 1 1 1 5.0 0.0 7.5
538 0 0 0 5.0 2.5 10.0
539 0 0 0 10.0 2.5 10.0
540 1 1 1 10.0 0.0 7.5
541 1 1 1 7.5 0.0 10.0
542 0 0 0 0.0 47.5 0.0
543 0 0 0 0.0 45.0 2.5
544 0 0 0 0.0 47.5 5.0
545 0 0 0 2.5 45.0 5.0
546 0 0 0 2.5 45.0 0.0
547 0 0 0 0.0 45.0 7.5
548 0 0 0 0.0 47.5 10.0
549 0 0 0 2.5 45.0 10.0
550 0 0 0 0.0 42.5 0.0
551 0 0 0 0.0 40.0 2.5
552 0 0 0 0.0 42.5 5.0
553 0 0 0 2.5 40.0 5.0
554 0 0 0 2.5 40.0 0.0
555 0 0 0 0.0 40.0 7.5
556 0 0 0 0.0 42.5 10.0
557 0 0 0 2.5 40.0 10.0
558 0 0 0 0.0 37.5 0.0
559 0 0 0 0.0 35.0 2.5
560 0 0 0 0.0 37.5 5.0
561 0 0 0 2.5 35.0 5.0
562 0 0 0 2.5 35.0 0.0
563 0 0 0 0.0 35.0 7.5
564 0 0 0 0.0 37.5 10.0
565 0 0 0 2.5 35.0 10.0
566 0 0 0 0.0 32.5 0.0
567 0 0 0 0.0 30.0 2.5
568 0 0 0 0.0 32.5 5.0
569 0 0 0 2.5 30.0 5.0
570 0 0 0 2.5 30.0 0.0
571 0 0 0 0.0 30.0 7.5
572 0 0 0 0.0 32.5 10.0
573 0 0 0 2.5 30.0 10.0
574 0 0 0 0.0 27.5 0.0
575 0 0 0 0.0 25.0 2.5
576 0 0 0 0.0 27.5 5.0
577 0 0 0 2.5 25.0 5.0
578 0 0 0 2.5 25.0 0.0
579 0 0 0 0.0 25.0 7.5
580 0 0 0 0.0 27.5 10.0
581 0 0 0 2.5 25.0 10.0
582 0 0 0 0.0 22.5 0.0
583 0 0 0 0.0 20.0 2.5
584 0 0 0 0.0 22.5 5.0
585 0 0 0 2.5 20.0 5.0
586 0 0 0 2.5 20.0 0.0
587 0 0 0 0.0 20.0 7.5
588 0 0 0 0.0 22.5 10.0
589 0 0 0 2.5 20.0 10.0
590 0 0 0 0.0 17.5 0.0
591 0 0 0 0.0 15.0 2.5
592 0 0 0 0.0 17.5 5.0
593 0 0 0 2.5 15.0 5.0
594 0 0 0 2.5 15.0 0.0
595 0 0 0 0.0 15.0 7.5
596 0 0 0 0.0 17.5 10.0
597 0 0 0 2.5 15.0 10.0
598 0 0 0 0.0 12.5 0.0
599 0 0 0 0.0 10.0 2.5
600 0 0 0 0.0 12.5 5.0
601 0 0 0 2.5 10.0 5.0
602 0 0 0 2.5 10.0 0.0
603 0 0 0 0.0 10.0 7.5
604 0 0 0 0.0 12.5 10.0
605 0 0 0 2.5 10.0 10.0
606 0 0 0 0.0 7.5 0.0
607 0 0 0 0.0 5.0 2.5
608 0 0 0 0.0 7.5 5.0
609 0 0 0 2.5 5.0 5.0
610 0 0 0 2.5 5.0 0.0
611 0 0 0 0.0 5.0 7.5
612 0 0 0 0.0 7.5 10.0
613 0 0 0 2.5 5.0 10.0
614 0 0 0 0.0 2.5 0.0
615 1 1 1 0.0 0.0 2.5
616 0 0 0 0.0 2.5 5.0
617 1 1 1 2.5 0.0 5.0
618 1 1 1 2.5 0.0 0.0
619 1 1 1 0.0 0.0 7.5
620 0 0 0 0.0 2.5 10.0
621 1 1 1 2.5 0.0 10.0
0 0 0
1 1
4 3 -1.0
1
1 4 3
0.009999833 0.041404088 0.072767481 0.104059062 0.135247949 0.166303362 0.197194654 0.227891339 0.258363123 0.288579933 0.31851195 0.348129634 0.377403757 0.406305427 0.434806122 0.462877717 0.490492507 0.517623241 0.544243142 0.570325942 0.595845898 0.620777827 0.645097123 0.668779786 0.691802444 0.714142376 0.735777536 0.756686573 0.776848851 0.796244473 0.814854298 0.832659961 0.849643888 0.86578932 0.881080322 0.895501804 0.909039533 0.921680151 0.933411182 0.944221048 0.954099082 0.963035536 0.97102159 0.978049363 0.984111919 0.989203275 0.993318407 0.996453254 0.998604722 0.999770688 0.99995 0.999142483 0.997348933 0.994571119 0.990811785 0.986074638 0.980364355 0.97368657 0.966047875 0.957455807 0.947918845 0.937446403 0.926048813 0.913737326 0.90052409 0.886422145 0.871445409 0.855608661 0.838927531 0.82141848 0.803098789 0.783986537 0.764100584 0.743460556 0.722086822 0.700000476 0.677223314 0.653777814 0.629687115 0.60497499 0.579665828 0.553784606 0.527356865 0.500408687 0.472966666 0.445057884 0.416709883 0.38795064 0.358808537 0.329312333 0.299491137 0.26937438 0.238991783 0.208373329 0.177549237 0.146549925 0.115405985 0.084148154 0.052807279 0.02141429 -0.009999833 
2 80 2
1 210000.0 0.3 7800.0
2 70000.0 0.3 2700.0
1 97 32 115 172 13 1 54 133 196 191 193 194 201 199 198 200 195 197 190 192 2 1 1
1 1 54 115 1 32 3 -1.0
1 2 3 -1.0
2 14 97 172 124 2 13 133 56 207 202 204 205 200 198 208 209 206 195 192 203 2 0 1
1 2 3 -1.0
3 98 31 116 173 97 32 115 172 214 211 191 196 217 201 200 216 213 215 210 212 2 1 1
1 1 115 116 32 31 3 -1.0
1 2 3 -1.0
4 15 98 173 125 14 97 172 124 221 218 202 207 216 200 209 222 220 213 212 219 2 0 1
1 2 3 -1.0
5 99 30 117 174 98 31 116 173 227 224 211 214 230 217 216 229 226 228 223 225 2 1 1
1 1 116 117 31 30 3 -1.0
1 2 3 -1.0
6 16 99 174 126 15 98 173 125 234 231 218 221 229 216 222 235 233 226 225 232 2 0 1
1 2 3 -1.0
7 100 29 118 175 99 30 117 174 240 237 224 227 243 230 229 242 239 241 236 238 2 1 1
1 1 117 118 30 29 3 -1.0
1 2 3 -1.0
8 17 100 175 127 16 99 174 126 247 244 231 234 242 229 235 248 246 239 238 245 2 0 1
1 2 3 -1.0
9 101 28 119 176 100 29 118 175 253 250 237 240 256 243 242 255 252 254 249 251 2 1 1
1 1 118 119 29 28 3 -1.0
1 2 3 -1.0
10 18 101 176 128 17 100 175 127 260 257 244 247 255 242 248 261 259 252 251 258 2 0 1
1 2 3 -1.0
11 102 27 120 177 101 28 119 176 266 263 250 253 269 256 255 268 265 267 262 264 2 1 1
1 1 119 120 28 27 3 -1.0
1 2 3 -1.0
12 19 102 177 129 18 101 176 128 273 270 257 260 268 255 261 274 272 265 264 271 2 0 1
1 2 3 -1.0
13 103 26 121 178 102 27 120 177 279 276 263 266 282 269 268 281 278 280 275 277 2 1 1
1 1 120 121 27 26 3 -1.0
1 2 3 -1.0
14 20 103 178 130 19 102 177 129 286 283 270 273 281 268 274 287 285 278 277 284 2 0 1
1 2 3 -1.0
15 104 25 122 179 103 26 121 178 292 289 276 279 295 282 281 294 291 293 288 290 2 1 1
1 1 121 122 26 25 3 -1.0
1 2 3 -1.0
16 21 104 179 131 20 103 178 130 299 296 283 286 294 281 287 300 298 291 290 297 2 0 1
1 2 3 -1.0
17 105 24 123 180 104 25 122 179 305 302 289 292 308 295 294 307 304 306 301 303 2 1 1
1 1 122 123 25 24 3 -1.0
1 2 3 -1.0
18 22 105 180 132 21 104 179 131 312 309 296 299 307 294 300 313 311 304 303 310 2 0 1
1 2 3 -1.0
19 23 4 53 134 105 24 123 180 318 315 302 305 321 308 307 320 317 319 314 316 2 1 1
1 1 123 53 24 4 3 -1.0
1 2 3 -1.0
20 3 23 134 55 22 105 180 132 325 322 309 312 320 307 313 326 324 317 316 323 2 0 1
1 2 3 -1.0
21 172 115 44 106 133 54 8 33 191 328 330 193 334 332 331 333 192 190 327 329 2 1 1
1 1 8 44 54 115 3 -1.0
1 2 3 -1.0
22 124 172 106 42 56 133 33 5 202 335 337 204 333 331 338 339 203 192 329 336 2 0 1
1 2 3 -1.0
23 173 116 45 107 172 115 44 106 211 341 328 191 344 334 333 343 212 210 340 342 2 1 1
1 1 44 45 115 116 3 -1.0
1 2 3 -1.0
24 125 173 107 41 124 172 106 42 218 345 335 202 343 333 339 347 219 212 342 346 2 0 1
1 2 3 -1.0
25 174 117 46 108 173 116 45 107 224 349 341 211 352 344 343 351 225 223 348 350 2 1 1
1 1 45 46 116 117 3 -1.0
1 2 3 -1.0
26 126 174 108 40 125 173 107 41 231 353 345 218 351 343 347 355 232 225 350 354 2 0 1
1 2 3 -1.0
27 175 118 47 109 174 117 46 108 237 357 349 224 360 352 351 359 238 236 356 358 2 1 1
1 1 46 47 117 118 3 -1.0
1 2 3 -1.0
28 127 175 109 39 126 174 108 40 244 361 353 231 359 351 355 363 245 238 358 362 2 0 1
1 2 3 -1.0
29 176 119 48 110 175 118 47 109 250 365 357 237 368 360 359 367 251 249 364 366 2 1 1
1 1 47 48 118 119 3 -1.0
1 2 3 -1.0
30 128 176 110 38 127 175 109 39 257 369 361 244 367 359 363 371 258 251 366 370 2 0 1
1 2 3 -1.0
31 177 120 49 111 176 119 48 110 263 373 365 250 376 368 367 375 264 262 372 374 2 1 1
1 1 48 49 119 120 3 -1.0
1 2 3 -1.0
32 129 177 111 37 128 176 110 38 270 377 369 257 375 367 371 379 271 264 374 378 2 0 1
1 2 3 -1.0
33 178 121 50 112 177 120 49 111 276 381 373 263 384 376 375 383 277 275 380 382 2 1 1
1 1 49 50 120 121 3 -1.0
1 2 3 -1.0
34 130 178 112 36 129 177 111 37 283 385 377 270 383 375 379 387 284 277 382 386 2 0 1
1 2 3 -1.0
35 179 122 51 113 178 121 50 112 289 389 381 276 392 384 383 391 290 288 388 390 2 1 1
1 1 50 51 121 122 3 -1.0
1 2 3 -1.0
36 131 179 113 35 130 178 112 36 296 393 385 283 391 383 387 395 297 290 390 394 2 0 1
1 2 3 -1.0
37 180 123 52 114 179 122 51 113 302 397 389 289 400 392 391 399 303 301 396 398 2 1 1
1 1 51 52 122 123 3 -1.0
1 2 3 -1.0
38 132 180 114 34 131 179 113 35 309 401 393 296 399 391 395 403 310 303 398 402 2 0 1
1 2 3 -1.0
39 134 53 7 43 180 123 52 114 315 405 397 302 408 400 399 407 316 314 404 406 2 1 1
1 1 52 7 123 53 3 -1.0
1 2 3 -1.0
40 55 134 43 6 132 180 114 34 322 409 401 309 407 399 403 411 323 316 406 410 2 0 1
1 2 3 -1.0
41 135 75 153 181 13 2 56 133 416 413 204 205 419 208 198 418 415 417 412 414 1 0 1
1 2 3 -1.0
42 57 135 181 162 1 13 133 54 423 420 193 194 418 198 199 424 422 415 414 421 1 1 1
1 1 133 181 13 135 3 -1.0
1 2 3 -1.0
43 136 74 154 182 135 75 153 181 429 426 413 416 432 419 418 431 428 430 425 427 1 0 1
1 2 3 -1.0
44 58 136 182 163 57 135 181 162 436 433 420 423 431 418 424 437 435 428 427 434 1 1 1
1 1 181 182 135 136 3 -1.0
1 2 3 -1.0
45 137 73 155 183 136 74 154 182 442 439 426 429 445 432 431 444 441 443 438 440 1 0 1
1 2 3 -1.0
46 59 137 183 164 58 136 182 163 449 446 433 436 444 431 437 450 448 441 440 447 1 1 1
1 1 182 183 136 137 3 -1.0
1 2 3 -1.0
47 138 72 156 184 137 73 155 183 455 452 439 442 458 445 444 457 454 456 451 453 1 0 1
1 2 3 -1.0
48 60 138 184 165 59 137 183 164 462 459 446 449 457 444 450 463 461 454 453 460 1 1 1
1 1 183 184 137 138 3 -1.0
1 2 3 -1.0
49 139 71 157 185 138 72 156 184 468 465 452 455 471 458 457 470 467 469 464 466 1 0 1
1 2 3 -1.0
50 61 139 185 166 60 138 184 165 475 472 459 462 470 457 463 476 474 467 466 473 1 1 1
1 1 184 185 138 139 3 -1.0
1 2 3 -1.0
51 140 70 158 186 139 71 157 185 481 478 465 468 484 471 470 483 480 482 477 479 1 0 1
1 2 3 -1.0
52 62 140 186 167 61 139 185 166 488 485 472 475 483 470 476 489 487 480 479 486 1 1 1
1 1 185 186 139 140 3 -1.0
1 2 3 -1.0
53 141 69 159 187 140 70 158 186 494 491 478 481 497 484 483 496 493 495 490 492 1 0 1
1 2 3 -1.0
54 63 141 187 168 62 140 186 167 501 498 485 488 496 483 489 502 500 493 492 499 1 1 1
1 1 186 187 140 141 3 -1.0
1 2 3 -1.0
55 142 68 160 188 141 69 159 187 507 504 491 494 510 497 496 509 506 508 503 505 1 0 1
1 2 3 -1.0
56 64 142 188 169 63 141 187 168 514 511 498 501 509 496 502 515 513 506 505 512 1 1 1
1 1 187 188 141 142 3 -1.0
1 2 3 -1.0
57 143 67 161 189 142 68 160 188 520 517 504 507 523 510 509 522 519 521 516 518 1 0 1
1 2 3 -1.0
58 65 143 189 170 64 142 188 169 527 524 511 514 522 509 515 528 526 519 518 525 1 1 1
1 1 188 189 142 143 3 -1.0
1 2 3 -1.0
59 66 10 95 171 143 67 161 189 533 530 517 520 536 523 522 535 532 534 529 531 1 0 1
1 2 3 -1.0
60 9 66 171 96 65 143 189 170 540 537 524 527 535 522 528 541 539 532 531 538 1 1 1
1 1 189 171 143 66 3 -1.0
1 2 3 -1.0
61 181 153 86 144 133 56 5 33 413 543 337 204 546 338 331 545 414 412 542 544 1 0 1
1 2 3 -1.0
62 162 181 144 84 54 133 33 8 420 547 330 193 545 331 332 549 421 414 544 548 1 1 1
1 1 33 144 133 181 3 -1.0
1 2 3 -1.0
63 182 154 87 145 181 153 86 144 426 551 543 413 554 546 545 553 427 425 550 552 1 0 1
1 2 3 -1.0
64 163 182 145 83 162 181 144 84 433 555 547 420 553 545 549 557 434 427 552 556 1 1 1
1 1 144 145 181 182 3 -1.0
1 2 3 -1.0
65 183 155 88 146 182 154 87 145 439 559 551 426 562 554 553 561 440 438 558 560 1 0 1
1 2 3 -1.0
66 164 183 146 82 163 182 145 83 446 563 555 433 561 553 557 565 447 440 560 564 1 1 1
1 1 145 146 182 183 3 -1.0
1 2 3 -1.0
67 184 156 89 147 183 155 88 146 452 567 559 439 570 562 561 569 453 451 566 568 1 0 1
1 2 3 -1.0
68 165 184 147 81 164 183 146 82 459 571 563 446 569 561 565 573 460 453 568 572 1 1 1
1 1 146 147 183 184 3 -1.0
1 2 3 -1.0
69 185 157 90 148 184 156 89 147 465 575 567 452 578 570 569 577 466 464 574 576 1 0 1
1 2 3 -1.0
70 166 185 148 80 165 184 147 81 472 579 571 459 577 569 573 581 473 466 576 580 1 1 1
1 1 147 148 184 185 3 -1.0
1 2 3 -1.0
71 186 158 91 149 185 157 90 148 478 583 575 465 586 578 577 585 479 477 582 584 1 0 1
1 2 3 -1.0
72 167 186 149 79 166 185 148 80 485 587 579 472 585 577 581 589 486 479 584 588 1 1 1
1 1 148 149 185 186 3 -1.0
1 2 3 -1.0
73 187 159 92 150 186 158 91 149 491 591 583 478 594 586 585 593 492 490 590 592 1 0 1
1 2 3 -1.0
74 168 187 150 78 167 186 149 79 498 595 587 485 593 585 589 597 499 492 592 596 1 1 1
1 1 149 150 186 187 3 -1.0
1 2 3 -1.0
75 188 160 93 151 187 159 92 150 504 599 591 491 602 594 593 601 505 503 598 600 1 0 1
1 2 3 -1.0
76 169 188 151 77 168 187 150 78 511 603 595 498 601 593 597 605 512 505 600 604 1 1 1
1 1 150 151 187 188 3 -1.0
1 2 3 -1.0
77 189 161 94 152 188 160 93 151 517 607 599 504 610 602 601 609 518 516 606 608 1 0 1
1 2 3 -1.0
78 170 189 152 76 169 188 151 77 524 611 603 511 609 601 605 613 525 518 608 612 1 1 1
1 1 151 152 188 189 3 -1.0
1 2 3 -1.0
79 171 95 12 85 189 161 94 152 530 615 607 517 618 610 609 617 531 529 614 616 1 0 1
1 2 3 -1.0
80 96 171 85 11 170 189 152 76 537 619 611 524 617 609 613 621 538 531 616 620 1 1 1
1 1 152 85 189 171 3 -1.0
1 2 3 -1.0
stop