Dynamic analysis of a column
621 1 1 2 0 0 0
1.0 2 0 0 0 0 0 0.01 2
1 0 0 0 10.0 10.0 100.0
2 0 0 0 10.0 5.0 100.0
3 0 0 0 10.0 0.0 100.0
4 0 0 0 10.0 10.0 95.0
5 0 0 0 10.0 5.0 95.0
6 0 0 0 10.0 0.0 95.0
7 0 0 0 10.0 10.0 90.0
8 0 0 0 10.0 5.0 90.0
9 0 0 0 10.0 0.0 90.0
10 0 0 0 10.0 10.0 85.0
11 0 0 0 10.0 5.0 85.0
12 0 0 0 10.0 0.0 85.0
13 0 0 0 10.0 10.0 80.0
14 0 0 0 10.0 5.0 80.0
15 0 0 0 10.0 0.0 80.0
16 0 0 0 10.0 10.0 75.0
17 0 0 0 10.0 5.0 75.0
18 0 0 0 10.0 0.0 75.0
19 0 0 0 10.0 10.0 70.0
20 0 0 0 10.0 5.0 70.0
21 0 0 0 10.0 0.0 70.0
22 0 0 0 10.0 10.0 65.0
23 0 0 0 10.0 5.0 65.0
24 0 0 0 10.0 0.0 65.0
25 0 0 0 10.0 10.0 60.0
26 0 0 0 10.0 5.0 60.0
27 0 0 0 10.0 0.0 60.0
28 0 0 0 10.0 10.0 55.0
29 0 0 0 10.0 5.0 55.0
30 0 0 0 10.0 0.0 55.0
31 0 0 0 10.0 10.0 50.0
32 0 0 0 10.0 5.0 50.0
33 0 0 0 10.0 0.0 50.0
34 0 0 0 10.0 10.0 45.0
35 0 0 0 10.0 5.0 45.0
36 0 0 0 10.0 0.0 45.0
37 0 0 0 10.0 10.0 40.0
38 0 0 0 10.0 5.0 40.0
39 0 0 0 10.0 0.0 40.0
40 0 0 0 10.0 10.0 35.0
41 0 0 0 10.0 5.0 35.0
42 0 0 0 10.0 0.0 35.0
43 0 0 0 10.0 10.0 30.0
44 0 0 0 10.0 5.0 30.0
45 0 0 0 10.0 0.0 30.0
46 0 0 0 10.0 10.0 25.0
47 0 0 0 10.0 5.0 25.0
48 0 0 0 10.0 0.0 25.0
49 0 0 0 10.0 10.0 20.0
50 0 0 0 10.0 5.0 20.0
51 0 0 0 10.0 0.0 20.0
52 0 0 0 10.0 10.0 15.0
53 0 0 0 10.0 5.0 15.0
54 0 0 0 10.0 0.0 15.0
55 0 0 0 10.0 10.0 10.0
56 0 0 0 10.0 5.0 10.0
57 0 0 0 10.0 0.0 10.0
58 0 0 0 10.0 10.0 5.0
59 0 0 0 10.0 5.0 5.0
60 0 0 0 10.0 0.0 5.0
61 1 1 1 10.0 10.0 0.0
62 1 1 1 10.0 5.0 0.0
63 1 1 1 10.0 0.0 0.0
64 0 0 0 5.0 10.0 100.0
65 0 0 0 5.0 5.0 100.0
66 0 0 0 5.0 0.0 100.0
67 0 0 0 5.0 10.0 95.0
68 0 0 0 5.0 5.0 95.0
69 0 0 0 5.0 0.0 95.0
70 0 0 0 5.0 10.0 90.0
71 0 0 0 5.0 5.0 90.0
72 0 0 0 5.0 0.0 90.0
73 0 0 0 5.0 10.0 85.0
74 0 0 0 5.0 5.0 85.0
75 0 0 0 5.0 0.0 85.0
76 0 0 0 5.0 10.0 80.0
77 0 0 0 5.0 5.0 80.0
78 0 0 0 5.0 0.0 80.0
79 0 0 0 5.0 10.0 75.0
80 0 0 0 5.0 5.0 75.0
81 0 0 0 5.0 0.0 75.0
82 0 0 0 5.0 10.0 70.0
83 0 0 0 5.0 5.0 70.0
84 0 0 0 5.0 0.0 70.0
85 0 0 0 5.0 10.0 65.0
86 0 0 0 5.0 5.0 65.0
87 0 0 0 5.0 0.0 65.0
88 0 0 0 5.0 10.0 60.0
89 0 0 0 5.0 5.0 60.0
90 0 0 0 5.0 0.0 60.0
91 0 0 0 5.0 10.0 55.0
92 0 0 0 5.0 5.0 55.0
93 0 0 0 5.0 0.0 55.0
94 0 0 0 5.0 10.0 50.0
95 0 0 0 5.0 5.0 50.0
96 0 0 0 5.0 0.0 50.0
97 0 0 0 5.0 10.0 45.0
98 0 0 0 5.0 5.0 45.0
99 0 0 0 5.0 0.0 45.0
100 0 0 0 5.0 10.0 40.0
101 0 0 0 5.0 5.0 40.0
102 0 0 0 5.0 0.0 40.0
103 0 0 0 5.0 10.0 35.0
104 0 0 0 5.0 5.0 35.0
105 0 0 0 5.0 0.0 35.0
106 0 0 0 5.0 10.0 30.0
107 0 0 0 5.0 5.0 30.0
108 0 0 0 5.0 0.0 30.0
109 0 0 0 5.0 10.0 25.0
110 0 0 0 5.0 5.0 25.0
111 0 0 0 5.0 0.0 25.0
112 0 0 0 5.0 10.0 20.0
113 0 0 0 5.0 5.0 20.0
114 0 0 0 5.0 0.0 20.0
115 0 0 0 5.0 10.0 15.0
116 0 0 0 5.0 5.0 15.0
117 0 0 0 5.0 0.0 15.0
118 0 0 0 5.0 10.0 10.0
119 0 0 0 5.0 5.0 10.0
120 0 0 0 5.0 0.0 10.0
121 0 0 0 5.0 10.0 5.0
122 0 0 0 5.0 5.0 5.0
123 0 0 0 5.0 0.0 5.0
124 1 1 1 5.0 10.0 0.0
125 1 1 1 5.0 5.0 0.0
126 1 1 1 5.0 0.0 0.0
127 0 0 0 0.0 10.0 100.0
128 0 0 0 0.0 5.0 100.0
129 0 0 0 0.0 0.0 100.0
130 0 0 0 0.0 10.0 95.0
131 0 0 0 0.0 5.0 95.0
132 0 0 0 0.0 0.0 95.0
133 0 0 0 0.0 10.0 90.0
134 0 0 0 0.0 5.0 90.0
135 0 0 0 0.0 0.0 90.0
136 0 0 0 0.0 10.0 85.0
137 0 0 0 0.0 5.0 85.0
138 0 0 0 0.0 0.0 85.0
139 0 0 0 0.0 10.0 80.0
140 0 0 0 0.0 5.0 80.0
141 0 0 0 0.0 0.0 80.0
142 0 0 0 0.0 10.0 75.0
143 0 0 0 0.0 5.0 75.0
144 0 0 0 0.0 0.0 75.0
145 0 0 0 0.0 10.0 70.0
146 0 0 0 0.0 5.0 70.0
147 0 0 0 0.0 0.0 70.0
148 0 0 0 0.0 10.0 65.0
149 0 0 0 0.0 5.0 65.0
150 0 0 0 0.0 0.0 65.0
151 0 0 0 0.0 10.0 60.0
152 0 0 0 0.0 5.0 60.0
153 0 0 0 0.0 0.0 60.0
154 0 0 0 0.0 10.0 55.0
155 0 0 0 0.0 5.0 55.0
156 0 0 0 0.0 0.0 55.0
157 0 0 0 0.0 10.0 50.0
158 0 0 0 0.0 5.0 50.0
159 0 0 0 0.0 0.0 50.0
160 0 0 0 0.0 10.0 45.0
161 0 0 0 0.0 5.0 45.0
162 0 0 0 0.0 0.0 45.0
163 0 0 0 0.0 10.0 40.0
164 0 0 0 0.0 5.0 40.0
165 0 0 0 0.0 0.0 40.0
166 0 0 0 0.0 10.0 35.0
167 0 0 0 0.0 5.0 35.0
168 0 0 0 0.0 0.0 35.0
169 0 0 0 0.0 10.0 30.0
170 0 0 0 0.0 5.0 30.0
171 0 0 0 0.0 0.0 30.0
172 0 0 0 0.0 10.0 25.0
173 0 0 0 0.0 5.0 25.0
174 0 0 0 0.0 0.0 25.0
175 0 0 0 0.0 10.0 20.0
176 0 0 0 0.0 5.0 20.0
177 0 0 0 0.0 0.0 20.0
178 0 0 0 0.0 10.0 15.0
179 0 0 0 0.0 5.0 15.0
180 0 0 0 0.0 0.0 15.0
181 0 0 0 0.0 10.0 10.0
182 0 0 0 0.0 5.0 10.0
183 0 0 0 0.0 0.0 10.0
184 0 0 0 0.0 10.0 5.0
185 0 0 0 0.0 5.0 5.0
186 0 0 0 0.0 0.0 5.0
187 1 1 1 0.0 10.0 0.0
188 1 1 1 0.0 5.0 0.0
189 1 1 1 0.0 0.0 0.0
190 0 0 0 5.0 10.0 97.5
191 0 0 0 5.0 7.5 95.0
192 0 0 0 5.0 5.0 97.5
193 0 0 0 5.0 7.5 100.0
194 0 0 0 10.0 7.5 100.0
195 0 0 0 10.0 5.0 97.5
196 0 0 0 10.0 7.5 95.0
197 0 0 0 10.0 10.0 97.5
198 0 0 0 7.5 5.0 100.0
199 0 0 0 7.5 10.0 100.0
200 0 0 0 7.5 5.0 95.0
201 0 0 0 7.5 10.0 95.0
202 0 0 0 5.0 2.5 95.0
203 0 0 0 5.0 0.0 97.5
204 0 0 0 5.0 2.5 100.0
205 0 0 0 10.0 2.5 100.0
206 0 0 0 10.0 0.0 97.5
207 0 0 0 10.0 2.5 95.0
208 0 0 0 7.5 0.0 100.0
209 0 0 0 7.5 0.0 95.0
210 0 0 0 5.0 10.0 92.5
211 0 0 0 5.0 7.5 90.0
212 0 0 0 5.0 5.0 92.5
213 0 0 0 10.0 5.0 92.5
214 0 0 0 10.0 7.5 90.0
215 0 0 0 10.0 10.0 92.5
216 0 0 0 7.5 5.0 90.0
217 0 0 0 7.5 10.0 90.0
218 0 0 0 5.0 2.5 90.0
219 0 0 0 5.0 0.0 92.5
220 0 0 0 10.0 0.0 92.5
221 0 0 0 10.0 2.5 90.0
222 0 0 0 7.5 0.0 90.0
223 0 0 0 5.0 10.0 87.5
224 0 0 0 5.0 7.5 85.0
225 0 0 0 5.0 5.0 87.5
226 0 0 0 10.0 5.0 87.5
227 0 0 0 10.0 7.5 85.0
228 0 0 0 10.0 10.0 87.5
229 0 0 0 7.5 5.0 85.0
230 0 0 0 7.5 10.0 85.0
231 0 0 0 5.0 2.5 85.0
232 0 0 0 5.0 0.0 87.5
233 0 0 0 10.0 0.0 87.5
234 0 0 0 10.0 2.5 85.0
235 0 0 0 7.5 0.0 85.0
236 0 0 0 5.0 10.0 82.5
237 0 0 0 5.0 7.5 80.0
238 0 0 0 5.0 5.0 82.5
239 0 0 0 10.0 5.0 82.5
240 0 0 0 10.0 7.5 80.0
241 0 0 0 10.0 10.0 82.5
242 0 0 0 7.5 5.0 80.0
243 0 0 0 7.5 10.0 80.0
244 0 0 0 5.0 2.5 80.0
245 0 0 0 5.0 0.0 82.5
246 0 0 0 10.0 0.0 82.5
247 0 0 0 10.0 2.5 80.0
248 0 0 0 7.5 0.0 80.0
249 0 0 0 5.0 10.0 77.5
250 0 0 0 5.0 7.5 75.0
251 0 0 0 5.0 5.0 77.5
252 0 0 0 10.0 5.0 77.5
253 0 0 0 10.0 7.5 75.0
254 0 0 0 10.0 10.0 77.5
255 0 0 0 7.5 5.0 75.0
256 0 0 0 7.5 10.0 75.0
257 0 0 0 5.0 2.5 75.0
258 0 0 0 5.0 0.0 77.5
259 0 0 0 10.0 0.0 77.5
260 0 0 0 10.0 2.5 75.0
261 0 0 0 7.5 0.0 75.0
262 0 0 0 5.0 10.0 72.5
263 0 0 0 5.0 7.5 70.0
264 0 0 0 5.0 5.0 72.5
265 0 0 0 10.0 5.0 72.5
266 0 0 0 10.0 7.5 70.0
267 0 0 0 10.0 10.0 72.5
268 0 0 0 7.5 5.0 70.0
269 0 0 0 7.5 10.0 70.0
270 0 0 0 5.0 2.5 70.0
271 0 0 0 5.0 0.0 72.5
272 0 0 0 10.0 0.0 72.5
273 0 0 0 10.0 2.5 70.0
274 0 0 0 7.5 0.0 70.0
275 0 0 0 5.0 10.0 67.5
276 0 0 0 5.0 7.5 65.0
277 0 0 0 5.0 5.0 67.5
278 0 0 0 10.0 5.0 67.5
279 0 0 0 10.0 7.5 65.0
280 0 0 0 10.0 10.0 67.5
281 0 0 0 7.5 5.0 65.0
282 0 0 0 7.5 10.0 65.0
283 0 0 0 5.0 2.5 65.0
284 0 0 0 5.0 0.0 67.5
285 0 0 0 10.0 0.0 67.5
286 0 0 0 10.0 2.5 65.0
287 0 0 0 7.5 0.0 65.0
288 0 0 0 5.0 10.0 62.5
289 0 0 0 5.0 7.5 60.0
290 0 0 0 5.0 5.0 62.5
291 0 0 0 10.0 5.0 62.5
292 0 0 0 10.0 7.5 60.0
293 0 0 0 10.0 10.0 62.5
294 0 0 0 7.5 5.0 60.0
295 0 0 0 7.5 10.0 60.0
296 0 0 0 5.0 2.5 60.0
297 0 0 0 5.0 0.0 62.5
298 0 0 0 10.0 0.0 62.5
299 0 0 0 10.0 2.5 60.0
300 0 0 0 7.5 0.0 60.0
301 0 0 0 5.0 10.0 57.5
302 0 0 0 5.0 7.5 55.0
303 0 0 0 5.0 5.0 57.5
304 0 0 0 10.0 5.0 57.5
305 0 0 0 10.0 7.5 55.0
306 0 0 0 10.0 10.0 57.5
307 0 0 0 7.5 5.0 55.0
308 0 0 0 7.5 10.0 55.0
309 0 0 0 5.0 2.5 55.0
310 0 0 0 5.0 0.0 57.5
311 0 0 0 10.0 0.0 57.5
312 0 0 0 10.0 2.5 55.0
313 0 0 0 7.5 0.0 55.0
314 0 0 0 5.0 10.0 52.5
315 0 0 0 5.0 7.5 50.0
316 0 0 0 5.0 5.0 52.5
317 0 0 0 10.0 5.0 52.5
318 0 0 0 10.0 7.5 50.0
319 0 0 0 10.0 10.0 52.5
320 0 0 0 7.5 5.0 50.0
321 0 0 0 7.5 10.0 50.0
322 0 0 0 5.0 2.5 50.0
323 0 0 0 5.0 0.0 52.5
324 0 0 0 10.0 0.0 52.5
325 0 0 0 10.0 2.5 50.0
326 0 0 0 7.5 0.0 50.0
327 0 0 0 5.0 10.0 47.5
328 0 0 0 5.0 7.5 45.0
329 0 0 0 5.0 5.0 47.5
330 0 0 0 10.0 5.0 47.5
331 0 0 0 10.0 7.5 45.0
332 0 0 0 10.0 10.0 47.5
333 0 0 0 7.5 5.0 45.0
334 0 0 0 7.5 10.0 45.0
335 0 0 0 5.0 2.5 45.0
336 0 0 0 5.0 0.0 47.5
337 0 0 0 10.0 0.0 47.5
338 0 0 0 10.0 2.5 45.0
339 0 0 0 7.5 0.0 45.0
340 0 0 0 5.0 10.0 42.5
341 0 0 0 5.0 7.5 40.0
342 0 0 0 5.0 5.0 42.5
343 0 0 0 10.0 5.0 42.5
344 0 0 0 10.0 7.5 40.0
345 0 0 0 10.0 10.0 42.5
346 0 0 0 7.5 5.0 40.0
347 0 0 0 7.5 10.0 40.0
348 0 0 0 5.0 2.5 40.0
349 0 0 0 5.0 0.0 42.5
350 0 0 0 10.0 0.0 42.5
351 0 0 0 10.0 2.5 40.0
352 0 0 0 7.5 0.0 40.0
353 0 0 0 5.0 10.0 37.5
354 0 0 0 5.0 7.5 35.0
355 0 0 0 5.0 5.0 37.5
356 0 0 0 10.0 5.0 37.5
357 0 0 0 10.0 7.5 35.0
358 0 0 0 10.0 10.0 37.5
359 0 0 0 7.5 5.0 35.0
360 0 0 0 7.5 10.0 35.0
361 0 0 0 5.0 2.5 35.0
362 0 0 0 5.0 0.0 37.5
363 0 0 0 10.0 0.0 37.5
364 0 0 0 10.0 2.5 35.0
365 0 0 0 7.5 0.0 35.0
366 0 0 0 5.0 10.0 32.5
367 0 0 0 5.0 7.5 30.0
368 0 0 0 5.0 5.0 32.5
369 0 0 0 10.0 5.0 32.5
370 0 0 0 10.0 7.5 30.0
371 0 0 0 10.0 10.0 32.5
372 0 0 0 7.5 5.0 30.0
373 0 0 0 7.5 10.0 30.0
374 0 0 0 5.0 2.5 30.0
375 0 0 0 5.0 0.0 32.5
376 0 0 0 10.0 0.0 32.5
377 0 0 0 10.0 2.5 30.0
378 0 0 0 7.5 0.0 30.0
379 0 0 0 5.0 10.0 27.5
380 0 0 0 5.0 7.5 25.0
381 0 0 0 5.0 5.0 27.5
382 0 0 0 10.0 5.0 27.5
383 0 0 0 10.0 7.5 25.0
384 0 0 0 10.0 10.0 27.5
385 0 0 0 7.5 5.0 25.0
386 0 0 0 7.5 10.0 25.0
387 0 0 0 5.0 2.5 25.0
388 0 0 0 5.0 0.0 27.5
389 0 0 0 10.0 0.0 27.5
390 0 0 0 10.0 2.5 25.0
391 0 0 0 7.5 0.0 25.0
392 0 0 0 5.0 10.0 22.5
393 0 0 0 5.0 7.5 20.0
394 0 0 0 5.0 5.0 22.5
395 0 0 0 10.0 5.0 22.5
396 0 0 0 10.0 7.5 20.0
397 0 0 0 10.0 10.0 22.5
398 0 0 0 7.5 5.0 20.0
399 0 0 0 7.5 10.0 20.0
400 0 0 0 5.0 2.5 20.0
401 0 0 0 5.0 0.0 22.5
402 0 0 0 10.0 0.0 22.5
403 0 0 0 10.0 2.5 20.0
404 0 0 0 7.5 0.0 20.0
405 0 0 0 5.0 10.0 17.5
406 0 0 0 5.0 7.5 15.0
407 0 0 0 5.0 5.0 17.5
408 0 0 0 10.0 5.0 17.5
409 0 0 0 10.0 7.5 15.0
410 0 0 0 10.0 10.0 17.5
411 0 0 0 7.5 5.0 15.0
412 0 0 0 7.5 10.0 15.0
413 0 0 0 5.0 2.5 15.0
414 0 0 0 5.0 0.0 17.5
415 0 0 0 10.0 0.0 17.5
416 0 0 0 10.0 2.5 15.0
417 0 0 0 7.5 0.0 15.0
418 0 0 0 5.0 10.0 12.5
419 0 0 0 5.0 7.5 10.0
420 0 0 0 5.0 5.0 12.5
421 0 0 0 10.0 5.0 12.5
422 0 0 0 10.0 7.5 10.0
423 0 0 0 10.0 10.0 12.5
424 0 0 0 7.5 5.0 10.0
425 0 0 0 7.5 10.0 10.0
426 0 0 0 5.0 2.5 10.0
427 0 0 0 5.0 0.0 12.5
428 0 0 0 10.0 0.0 12.5
429 0 0 0 10.0 2.5 10.0
430 0 0 0 7.5 0.0 10.0
431 0 0 0 5.0 10.0 7.5
432 0 0 0 5.0 7.5 5.0
433 0 0 0 5.0 5.0 7.5
434 0 0 0 10.0 5.0 7.5
435 0 0 0 10.0 7.5 5.0
436 0 0 0 10.0 10.0 7.5
437 0 0 0 7.5 5.0 5.0
438 0 0 0 7.5 10.0 5.0
439 0 0 0 5.0 2.5 5.0
440 0 0 0 5.0 0.0 7.5
441 0 0 0 10.0 0.0 7.5
442 0 0 0 10.0 2.5 5.0
443 0 0 0 7.5 0.0 5.0
444 0 0 0 5.0 10.0 2.5
445 1 1 1 5.0 7.5 0.0
446 0 0 0 5.0 5.0 2.5
447 0 0 0 10.0 5.0 2.5
448 1 1 1 10.0 7.5 0.0
449 0 0 0 10.0 10.0 2.5
450 1 1 1 7.5 5.0 0.0
451 1 1 1 7.5 10.0 0.0
452 1 1 1 5.0 2.5 0.0
453 0 0 0 5.0 0.0 2.5
454 0 0 0 10.0 0.0 2.5
455 1 1 1 10.0 2.5 0.0
456 1 1 1 7.5 0.0 0.0
457 0 0 0 0.0 10.0 97.5
458 0 0 0 0.0 7.5 95.0
459 0 0 0 0.0 5.0 97.5
460 0 0 0 0.0 7.5 100.0
461 0 0 0 2.5 5.0 100.0
462 0 0 0 2.5 10.0 100.0
463 0 0 0 2.5 5.0 95.0
464 0 0 0 2.5 10.0 95.0
465 0 0 0 0.0 2.5 95.0
466 0 0 0 0.0 0.0 97.5
467 0 0 0 0.0 2.5 100.0
468 0 0 0 2.5 0.0 100.0
469 0 0 0 2.5 0.0 95.0
470 0 0 0 0.0 10.0 92.5
471 0 0 0 0.0 7.5 90.0
472 0 0 0 0.0 5.0 92.5
473 0 0 0 2.5 5.0 90.0
474 0 0 0 2.5 10.0 90.0
475 0 0 0 0.0 2.5 90.0
476 0 0 0 0.0 0.0 92.5
477 0 0 0 2.5 0.0 90.0
478 0 0 0 0.0 10.0 87.5
479 0 0 0 0.0 7.5 85.0
480 0 0 0 0.0 5.0 87.5
481 0 0 0 2.5 5.0 85.0
482 0 0 0 2.5 10.0 85.0
483 0 0 0 0.0 2.5 85.0
484 0 0 0 0.0 0.0 87.5
485 0 0 0 2.5 0.0 85.0
486 0 0 0 0.0 10.0 82.5
487 0 0 0 0.0 7.5 80.0
488 0 0 0 0.0 5.0 82.5
489 0 0 0 2.5 5.0 80.0
490 0 0 0 2.5 10.0 80.0
491 0 0 0 0.0 2.5 80.0
492 0 0 0 0.0 0.0 82.5
493 0 0 0 2.5 0.0 80.0
494 0 0 0 0.0 10.0 77.5
495 0 0 0 0.0 7.5 75.0
496 0 0 0 0.0 5.0 77.5
497 0 0 0 2.5 5.0 75.0
498 0 0 0 2.5 10.0 75.0
499 0 0 0 0.0 2.5 75.0
500 0 0 0 0.0 0.0 77.5
501 0 0 0 2.5 0.0 75.0
502 0 0 0 0.0 10.0 72.5
503 0 0 0 0.0 7.5 70.0
504 0 0 0 0.0 5.0 72.5
505 0 0 0 2.5 5.0 70.0
506 0 0 0 2.5 10.0 70.0
507 0 0 0 0.0 2.5 70.0
508 0 0 0 0.0 0.0 72.5
509 0 0 0 2.5 0.0 70.0
510 0 0 0 0.0 10.0 67.5
511 0 0 0 0.0 7.5 65.0
512 0 0 0 0.0 5.0 67.5
513 0 0 0 2.5 5.0 65.0
514 0 0 0 2.5 10.0 65.0
515 0 0 0 0.0 2.5 65.0
516 0 0 0 0.0 0.0 67.5
517 0 0 0 2.5 0.0 65.0
518 0 0 0 0.0 10.0 62.5
519 0 0 0 0.0 7.5 60.0
520 0 0 0 0.0 5.0 62.5
521 0 0 0 2.5 5.0 60.0
522 0 0 0 2.5 10.0 60.0
523 0 0 0 0.0 2.5 60.0
524 0 0 0 0.0 0.0 62.5
525 0 0 0 2.5 0.0 60.0
526 0 0 0 0.0 10.0 57.5
527 0 0 0 0.0 7.5 55.0
528 0 0 0 0.0 5.0 57.5
529 0 0 0 2.5 5.0 55.0
530 0 0 0 2.5 10.0 55.0
531 0 0 0 0.0 2.5 55.0
532 0 0 0 0.0 0.0 57.5
533 0 0 0 2.5 0.0 55.0
534 0 0 0 0.0 10.0 52.5
535 0 0 0 0.0 7.5 50.0
536 0 0 0 0.0 5.0 52.5
537 0 0 0 2.5 5.0 50.0
538 0 0 0 2.5 10.0 50.0
539 0 0 0 0.0 2.5 50.0
540 0 0 0 0.0 0.0 52.5
541 0 0 0 2.5 0.0 50.0
542 0 0 0 0.0 10.0 47.5
543 0 0 0 0.0 7.5 45.0
544 0 0 0 0.0 5.0 47.5
545 0 0 0 2.5 5.0 45.0
546 0 0 0 2.5 10.0 45.0
547 0 0 0 0.0 2.5 45.0
548 0 0 0 0.0 0.0 47.5
549 0 0 0 2.5 0.0 45.0
550 0 0 0 0.0 10.0 42.5
551 0 0 0 0.0 7.5 40.0
552 0 0 0 0.0 5.0 42.5
553 0 0 0 2.5 5.0 40.0
554 0 0 0 2.5 10.0 40.0
555 0 0 0 0.0 2.5 40.0
556 0 0 0 0.0 0.0 42.5
557 0 0 0 2.5 0.0 40.0
558 0 0 0 0.0 10.0 37.5
559 0 0 0 0.0 7.5 35.0
560 0 0 0 0.0 5.0 37.5
561 0 0 0 2.5 5.0 35.0
562 0 0 0 2.5 10.0 35.0
563 0 0 0 0.0 2.5 35.0
564 0 0 0 0.0 0.0 37.5
565 0 0 0 2.5 0.0 35.0
566 0 0 0 0.0 10.0 32.5
567 0 0 0 0.0 7.5 30.0
568 0 0 0 0.0 5.0 32.5
569 0 0 0 2.5 5.0 30.0
570 0 0 0 2.5 10.0 30.0
571 0 0 0 0.0 2.5 30.0
572 0 0 0 0.0 0.0 32.5
573 0 0 0 2.5 0.0 30.0
574 0 0 0 0.0 10.0 27.5
575 0 0 0 0.0 7.5 25.0
576 0 0 0 0.0 5.0 27.5
577 0 0 0 2.5 5.0 25.0
578 0 0 0 2.5 10.0 25.0
579 0 0 0 0.0 2.5 25.0
580 0 0 0 0.0 0.0 27.5
581 0 0 0 2.5 0.0 25.0
582 0 0 0 0.0 10.0 22.5
583 0 0 0 0.0 7.5 20.0
584 0 0 0 0.0 5.0 22.5
585 0 0 0 2.5 5.0 20.0
586 0 0 0 2.5 10.0 20.0
587 0 0 0 0.0 2.5 20.0
588 0 0 0 0.0 0.0 22.5
589 0 0 0 2.5 0.0 20.0
590 0 0 0 0.0 10.0 17.5
591 0 0 0 0.0 7.5 15.0
592 0 0 0 0.0 5.0 17.5
593 0 0 0 2.5 5.0 15.0
594 0 0 0 2.5 10.0 15.0
595 0 0 0 0.0 2.5 15.0
596 0 0 0 0.0 0.0 17.5
597 0 0 0 2.5 0.0 15.0
598 0 0 0 0.0 10.0 12.5
599 0 0 0 0.0 7.5 10.0
600 0 0 0 0.0 5.0 12.5
601 0 0 0 2.5 5.0 10.0
602 0 0 0 2.5 10.0 10.0
603 0 0 0 0.0 2.5 10.0
604 0 0 0 0.0 0.0 12.5
605 0 0 0 2.5 0.0 10.0
606 0 0 0 0.0 10.0 7.5
607 0 0 0 0.0 7.5 5.0
608 0 0 0 0.0 5.0 7.5
609 0 0 0 2.5 5.0 5.0
610 0 0 0 2.5 10.0 5.0
611 0 0 0 0.0 2.5 5.0
612 0 0 0 0.0 0.0 7.5
613 0 0 0 2.5 0.0 5.0
614 0 0 0 0.0 10.0 2.5
615 1 1 1 0.0 7.5 0.0
616 0 0 0 0.0 5.0 2.5
617 1 1 1 2.5 5.0 0.0
618 1 1 1 2.5 10.0 0.0
619 1 1 1 0.0 2.5 0.0
620 0 0 0 0.0 0.0 2.5
621 1 1 1 2.5 0.0 0.0
0 0 0
1 1
1 3 -1.0
1
1 1 3
1.0 0.0 1.0 0.0 1.0 0.0 1.0 0.0 1.0 0.0 1.0 0.0 1.0 0.0 1.0 0.0 1.0 0.0 1.0 0.0 1.0 0.0 1.0 0.0 1.0 0.0 1.0 0.0 1.0 0.0 1.0 0.0 1.0 0.0 1.0 0.0 1.0 0.0 1.0 0.0 1.0 0.0 1.0 0.0 1.0 0.0 1.0 0.0 1.0 0.0 1.0 0.0 1.0 0.0 1.0 0.0 1.0 0.0 1.0 0.0 1.0 0.0 1.0 0.0 1.0 0.0 1.0 0.0 1.0 0.0 1.0 0.0 1.0 0.0 1.0 0.0 1.0 0.0 1.0 0.0 1.0 0.0 1.0 0.0 1.0 0.0 1.0 0.0 1.0 0.0 1.0 0.0 1.0 0.0 1.0 0.0 1.0 0.0 1.0 0.0 1.0 
2 80 1
1 210000.0 0.3 7800.0
1 5 4 67 68 2 1 64 65 196 191 193 194 201 199 198 200 195 197 190 192 1 0 1
1 2 3 -1.0
2 6 5 68 69 3 2 65 66 207 202 204 205 200 198 208 209 206 195 192 203 1 0 1
1 2 3 -1.0
3 8 7 70 71 5 4 67 68 214 211 191 196 217 201 200 216 213 215 210 212 1 0 1
1 2 3 -1.0
4 9 8 71 72 6 5 68 69 221 218 202 207 216 200 209 222 220 213 212 219 1 0 1
1 2 3 -1.0
5 11 10 73 74 8 7 70 71 227 224 211 214 230 217 216 229 226 228 223 225 1 0 1
1 2 3 -1.0
6 12 11 74 75 9 8 71 72 234 231 218 221 229 216 222 235 233 226 225 232 1 0 1
1 2 3 -1.0
7 14 13 76 77 11 10 73 74 240 237 224 227 243 230 229 242 239 241 236 238 1 0 1
1 2 3 -1.0
8 15 14 77 78 12 11 74 75 247 244 231 234 242 229 235 248 246 239 238 245 1 0 1
1 2 3 -1.0
9 17 16 79 80 14 13 76 77 253 250 237 240 256 243 242 255 252 254 249 251 1 0 1
1 2 3 -1.0
10 18 17 80 81 15 14 77 78 260 257 244 247 255 242 248 261 259 252 251 258 1 0 1
1 2 3 -1.0
11 20 19 82 83 17 16 79 80 266 263 250 253 269 256 255 268 265 267 262 264 1 0 1
1 2 3 -1.0
12 21 20 83 84 18 17 80 81 273 270 257 260 268 255 261 274 272 265 264 271 1 0 1
1 2 3 -1.0
13 23 22 85 86 20 19 82 83 279 276 263 266 282 269 268 281 278 280 275 277 1 0 1
1 2 3 -1.0
14 24 23 86 87 21 20 83 84 286 283 270 273 281 268 274 287 285 278 277 284 1 0 1
1 2 3 -1.0
15 26 25 88 89 23 22 85 86 292 289 276 279 295 282 281 294 291 293 288 290 1 0 1
1 2 3 -1.0
16 27 26 89 90 24 23 86 87 299 296 283 286 294 281 287 300 298 291 290 297 1 0 1
1 2 3 -1.0
17 29 28 91 92 26 25 88 89 305 302 289 292 308 295 294 307 304 306 301 303 1 0 1
1 2 3 -1.0
18 30 29 92 93 27 26 89 90 312 309 296 299 307 294 300 313 311 304 303 310 1 0 1
1 2 3 -1.0
19 32 31 94 95 29 28 91 92 318 315 302 305 321 308 307 320 317 319 314 316 1 0 1
1 2 3 -1.0
20 33 32 95 96 30 29 92 93 325 322 309 312 320 307 313 326 324 317 316 323 1 0 1
1 2 3 -1.0
21 35 34 97 98 32 31 94 95 331 328 315 318 334 321 320 333 330 332 327 329 1 0 1
1 2 3 -1.0
22 36 35 98 99 33 32 95 96 338 335 322 325 333 320 326 339 337 330 329 336 1 0 1
1 2 3 -1.0
23 38 37 100 101 35 34 97 98 344 341 328 331 347 334 333 346 343 345 340 342 1 0 1
1 2 3 -1.0
24 39 38 101 102 36 35 98 99 351 348 335 338 346 333 339 352 350 343 342 349 1 0 1
1 2 3 -1.0
25 41 40 103 104 38 37 100 101 357 354 341 344 360 347 346 359 356 358 353 355 1 0 1
1 2 3 -1.0
26 42 41 104 105 39 38 101 102 364 361 348 351 359 346 352 365 363 356 355 362 1 0 1
1 2 3 -1.0
27 44 43 106 107 41 40 103 104 370 367 354 357 373 360 359 372 369 371 366 368 1 0 1
1 2 3 -1.0
28 45 44 107 108 42 41 104 105 377 374 361 364 372 359 365 378 376 369 368 375 1 0 1
1 2 3 -1.0
29 47 46 109 110 44 43 106 107 383 380 367 370 386 373 372 385 382 384 379 381 1 0 1
1 2 3 -1.0
30 48 47 110 111 45 44 107 108 390 387 374 377 385 372 378 391 389 382 381 388 1 0 1
1 2 3 -1.0
31 50 49 112 113 47 46 109 110 396 393 380 383 399 386 385 398 395 397 392 394 1 0 1
1 2 3 -1.0
32 51 50 113 114 48 47 110 111 403 400 387 390 398 385 391 404 402 395 394 401 1 0 1
1 2 3 -1.0
33 53 52 115 116 50 49 112 113 409 406 393 396 412 399 398 411 408 410 405 407 1 0 1
1 2 3 -1.0
34 54 53 116 117 51 50 113 114 416 413 400 403 411 398 404 417 415 408 407 414 1 0 1
1 2 3 -1.0
35 56 55 118 119 53 52 115 116 422 419 406 409 425 412 411 424 421 423 418 420 1 0 1
1 2 3 -1.0
36 57 56 119 120 54 53 116 117 429 426 413 416 424 411 417 430 428 421 420 427 1 0 1
1 2 3 -1.0
37 59 58 121 122 56 55 118 119 435 432 419 422 438 425 424 437 434 436 431 433 1 0 1
1 2 3 -1.0
38 60 59 122 123 57 56 119 120 442 439 426 429 437 424 430 443 441 434 433 440 1 0 1
1 2 3 -1.0
39 62 61 124 125 59 58 121 122 448 445 432 435 451 438 437 450 447 449 444 446 1 0 1
1 2 3 -1.0
40 63 62 125 126 60 59 122 123 455 452 439 442 450 437 443 456 454 447 446 453 1 0 1
1 2 3 -1.0
41 68 67 130 131 65 64 127 128 191 458 460 193 464 462 461 463 192 190 457 459 1 0 1
1 2 3 -1.0
42 69 68 131 132 66 65 128 129 202 465 467 204 463 461 468 469 203 192 459 466 1 0 1
1 2 3 -1.0
43 71 70 133 134 68 67 130 131 211 471 458 191 474 464 463 473 212 210 470 472 1 0 1
1 2 3 -1.0
44 72 71 134 135 69 68 131 132 218 475 465 202 473 463 469 477 219 212 472 476 1 0 1
1 2 3 -1.0
45 74 73 136 137 71 70 133 134 224 479 471 211 482 474 473 481 225 223 478 480 1 0 1
1 2 3 -1.0
46 75 74 137 138 72 71 134 135 231 483 475 218 481 473 477 485 232 225 480 484 1 0 1
1 2 3 -1.0
47 77 76 139 140 74 73 136 137 237 487 479 224 490 482 481 489 238 236 486 488 1 0 1
1 2 3 -1.0
48 78 77 140 141 75 74 137 138 244 491 483 231 489 481 485 493 245 238 488 492 1 0 1
1 2 3 -1.0
49 80 79 142 143 77 76 139 140 250 495 487 237 498 490 489 497 251 249 494 496 1 0 1
1 2 3 -1.0
50 81 80 143 144 78 77 140 141 257 499 491 244 497 489 493 501 258 251 496 500 1 0 1
1 2 3 -1.0
51 83 82 145 146 80 79 142 143 263 503 495 250 506 498 497 505 264 262 502 504 1 0 1
1 2 3 -1.0
52 84 83 146 147 81 80 143 144 270 507 499 257 505 497 501 509 271 264 504 508 1 0 1
1 2 3 -1.0
53 86 85 148 149 83 82 145 146 276 511 503 263 514 506 505 513 277 275 510 512 1 0 1
1 2 3 -1.0
54 87 86 149 150 84 83 146 147 283 515 507 270 513 505 509 517 284 277 512 516 1 0 1
1 2 3 -1.0
55 89 88 151 152 86 85 148 149 289 519 511 276 522 514 513 521 290 288 518 520 1 0 1
1 2 3 -1.0
56 90 89 152 153 87 86 149 150 296 523 515 283 521 513 517 525 297 290 520 524 1 0 1
1 2 3 -1.0
57 92 91 154 155 89 88 151 152 302 527 519 289 530 522 521 529 303 301 526 528 1 0 1
1 2 3 -1.0
58 93 92 155 156 90 89 152 153 309 531 523 296 529 521 525 533 310 303 528 532 1 0 1
1 2 3 -1.0
59 95 94 157 158 92 91 154 155 315 535 527 302 538 530 529 537 316 314 534 536 1 0 1
1 2 3 -1.0
60 96 95 158 159 93 92 155 156 322 539 531 309 537 529 533 541 323 316 536 540 1 0 1
1 2 3 -1.0
61 98 97 160 161 95 94 157 158 328 543 535 315 546 538 537 545 329 327 542 544 1 0 1
1 2 3 -1.0
62 99 98 161 162 96 95 158 159 335 547 539 322 545 537 541 549 336 329 544 548 1 0 1
1 2 3 -1.0
63 101 100 163 164 98 97 160 161 341 551 543 328 554 546 545 553 342 340 550 552 1 0 1
1 2 3 -1.0
64 102 101 164 165 99 98 161 162 348 555 547 335 553 545 549 557 349 342 552 556 1 0 1
1 2 3 -1.0
65 104 103 166 167 101 100 163 164 354 559 551 341 562 554 553 561 355 353 558 560 1 0 1
1 2 3 -1.0
66 105 104 167 168 102 101 164 165 361 563 555 348 561 553 557 565 362 355 560 564 1 0 1
1 2 3 -1.0
67 107 106 169 170 104 103 166 167 367 567 559 354 570 562 561 569 368 366 566 568 1 0 1
1 2 3 -1.0
68 108 107 170 171 105 104 167 168 374 571 563 361 569 561 565 573 375 368 568 572 1 0 1
1 2 3 -1.0
69 110 109 172 173 107 106 169 170 380 575 567 367 578 570 569 577 381 379 574 576 1 0 1
1 2 3 -1.0
70 111 110 173 174 108 107 170 171 387 579 571 374 577 569 573 581 388 381 576 580 1 0 1
1 2 3 -1.0
71 113 112 175 176 110 109 172 173 393 583 575 380 586 578 577 585 394 392 582 584 1 0 1
1 2 3 -1.0
72 114 113 176 177 111 110 173 174 400 587 579 387 585 577 581 589 401 394 584 588 1 0 1
1 2 3 -1.0
73 116 115 178 179 113 112 175 176 406 591 583 393 594 586 585 593 407 405 590 592 1 0 1
1 2 3 -1.0
74 117 116 179 180 114 113 176 177 413 595 587 400 593 585 589 597 414 407 592 596 1 0 1
1 2 3 -1.0
75 119 118 181 182 116 115 178 179 419 599 591 406 602 594 593 601 420 418 598 600 1 0 1
1 2 3 -1.0
76 120 119 182 183 117 116 179 180 426 603 595 413 601 593 597 605 427 420 600 604 1 0 1
1 2 3 -1.0
77 122 121 184 185 119 118 181 182 432 607 599 419 610 602 601 609 433 431 606 608 1 0 1
1 2 3 -1.0
78 123 122 185 186 120 119 182 183 439 611 603 426 609 601 605 613 440 433 608 612 1 0 1
1 2 3 -1.0
79 125 124 187 188 122 121 184 185 445 615 607 432 618 610 609 617 446 444 614 616 1 0 1
1 2 3 -1.0
80 126 125 188 189 123 122 185 186 452 619 611 439 617 609 613 621 453 446 616 620 1 0 1
1 2 3 -1.0
stop