Dynamic test of a simple plate (FIXED edge) Static Solve (EC=0)
25 1 1 1 0 0 0
0.01 2 0 0 0 0 0 0.01 2
1 1 1 1 0.0 0.0 0.0
2 1 1 0 0.4 0.0 0.0
3 1 1 0 0.8 0.0 0.0
4 1 1 0 1.2 0.0 0.0
5 1 1 1 1.6 0.0 0.0
6 1 0 1 0.0 0.25 0.0
7 0 0 0 0.4 0.25 0.0
8 0 0 0 0.8 0.25 0.0
9 0 0 0 1.2 0.25 0.0
10 1 0 1 1.6 0.25 0.0
11 1 0 1 0.0 0.5 0.0
12 0 0 0 0.4 0.5 0.0
13 0 0 0 0.8 0.5 0.0
14 0 0 0 1.2 0.5 0.0
15 1 0 1 1.6 0.5 0.0
16 1 0 1 0.0 0.75 0.0
17 0 0 0 0.4 0.75 0.0
18 0 0 0 0.8 0.75 0.0
19 0 0 0 1.2 0.75 0.0
20 1 0 1 1.6 0.75 0.0
21 1 1 1 0.0 1.0 0.0
22 1 1 0 0.4 1.0 0.0
23 1 1 0 0.8 1.0 0.0
24 1 1 0 1.2 1.0 0.0
25 1 1 1 1.6 1.0 0.0
0 0 0
1 0
0
3 16 1
1 72E9 0.23 0.01 2500
1 7 6 1 2 1 1
2 8 7 2 3 1 1
3 9 8 3 4 1 1
4 10 9 4 5 1 1
5 12 11 6 7 1 1
6 13 12 7 8 1 1
7 14 13 8 9 1 1
8 15 14 9 10 1 1
9 17 16 11 12 1 1
10 18 17 12 13 1 1
11 19 18 13 14 1 1
12 20 19 14 15 1 1
13 22 21 16 17 1 1
14 23 22 17 18 1 1
15 24 23 18 19 1 1
16 25 24 19 20 1 1
-1E4 0