Dynamic test of a simple plate (FIXED edge) Static Solve
441 1 1 1 0 0 0
0.01 2 0 0 0 0 0 0.01 2
1 1 1 1 0 0 0
2 1 1 0 0.08 0 0
3 1 1 0 0.16 0 0
4 1 1 0 0.24 0 0
5 1 1 0 0.32 0 0
6 1 1 0 0.4 0 0
7 1 1 0 0.48 0 0
8 1 1 0 0.56 0 0
9 1 1 0 0.64 0 0
10 1 1 0 0.72 0 0
11 1 1 0 0.8 0 0
12 1 1 0 0.88 0 0
13 1 1 0 0.96 0 0
14 1 1 0 1.04 0 0
15 1 1 0 1.12 0 0
16 1 1 0 1.2 0 0
17 1 1 0 1.28 0 0
18 1 1 0 1.36 0 0
19 1 1 0 1.44 0 0
20 1 1 0 1.52 0 0
21 1 1 1 1.6 0 0
22 1 0 1 0 0.05 0
23 0 0 0 0.08 0.05 0
24 0 0 0 0.16 0.05 0
25 0 0 0 0.24 0.05 0
26 0 0 0 0.32 0.05 0
27 0 0 0 0.4 0.05 0
28 0 0 0 0.48 0.05 0
29 0 0 0 0.56 0.05 0
30 0 0 0 0.64 0.05 0
31 0 0 0 0.72 0.05 0
32 0 0 0 0.8 0.05 0
33 0 0 0 0.88 0.05 0
34 0 0 0 0.96 0.05 0
35 0 0 0 1.04 0.05 0
36 0 0 0 1.12 0.05 0
37 0 0 0 1.2 0.05 0
38 0 0 0 1.28 0.05 0
39 0 0 0 1.36 0.05 0
40 0 0 0 1.44 0.05 0
41 0 0 0 1.52 0.05 0
42 1 0 1 1.6 0.05 0
43 1 0 1 0 0.1 0
44 0 0 0 0.08 0.1 0
45 0 0 0 0.16 0.1 0
46 0 0 0 0.24 0.1 0
47 0 0 0 0.32 0.1 0
48 0 0 0 0.4 0.1 0
49 0 0 0 0.48 0.1 0
50 0 0 0 0.56 0.1 0
51 0 0 0 0.64 0.1 0
52 0 0 0 0.72 0.1 0
53 0 0 0 0.8 0.1 0
54 0 0 0 0.88 0.1 0
55 0 0 0 0.96 0.1 0
56 0 0 0 1.04 0.1 0
57 0 0 0 1.12 0.1 0
58 0 0 0 1.2 0.1 0
59 0 0 0 1.28 0.1 0
60 0 0 0 1.36 0.1 0
61 0 0 0 1.44 0.1 0
62 0 0 0 1.52 0.1 0
63 1 0 1 1.6 0.1 0
64 1 0 1 0 0.15 0
65 0 0 0 0.08 0.15 0
66 0 0 0 0.16 0.15 0
67 0 0 0 0.24 0.15 0
68 0 0 0 0.32 0.15 0
69 0 0 0 0.4 0.15 0
70 0 0 0 0.48 0.15 0
71 0 0 0 0.56 0.15 0
72 0 0 0 0.64 0.15 0
73 0 0 0 0.72 0.15 0
74 0 0 0 0.8 0.15 0
75 0 0 0 0.88 0.15 0
76 0 0 0 0.96 0.15 0
77 0 0 0 1.04 0.15 0
78 0 0 0 1.12 0.15 0
79 0 0 0 1.2 0.15 0
80 0 0 0 1.28 0.15 0
81 0 0 0 1.36 0.15 0
82 0 0 0 1.44 0.15 0
83 0 0 0 1.52 0.15 0
84 1 0 1 1.6 0.15 0
85 1 0 1 0 0.2 0
86 0 0 0 0.08 0.2 0
87 0 0 0 0.16 0.2 0
88 0 0 0 0.24 0.2 0
89 0 0 0 0.32 0.2 0
90 0 0 0 0.4 0.2 0
91 0 0 0 0.48 0.2 0
92 0 0 0 0.56 0.2 0
93 0 0 0 0.64 0.2 0
94 0 0 0 0.72 0.2 0
95 0 0 0 0.8 0.2 0
96 0 0 0 0.88 0.2 0
97 0 0 0 0.96 0.2 0
98 0 0 0 1.04 0.2 0
99 0 0 0 1.12 0.2 0
100 0 0 0 1.2 0.2 0
101 0 0 0 1.28 0.2 0
102 0 0 0 1.36 0.2 0
103 0 0 0 1.44 0.2 0
104 0 0 0 1.52 0.2 0
105 1 0 1 1.6 0.2 0
106 1 0 1 0 0.25 0
107 0 0 0 0.08 0.25 0
108 0 0 0 0.16 0.25 0
109 0 0 0 0.24 0.25 0
110 0 0 0 0.32 0.25 0
111 0 0 0 0.4 0.25 0
112 0 0 0 0.48 0.25 0
113 0 0 0 0.56 0.25 0
114 0 0 0 0.64 0.25 0
115 0 0 0 0.72 0.25 0
116 0 0 0 0.8 0.25 0
117 0 0 0 0.88 0.25 0
118 0 0 0 0.96 0.25 0
119 0 0 0 1.04 0.25 0
120 0 0 0 1.12 0.25 0
121 0 0 0 1.2 0.25 0
122 0 0 0 1.28 0.25 0
123 0 0 0 1.36 0.25 0
124 0 0 0 1.44 0.25 0
125 0 0 0 1.52 0.25 0
126 1 0 1 1.6 0.25 0
127 1 0 1 0 0.3 0
128 0 0 0 0.08 0.3 0
129 0 0 0 0.16 0.3 0
130 0 0 0 0.24 0.3 0
131 0 0 0 0.32 0.3 0
132 0 0 0 0.4 0.3 0
133 0 0 0 0.48 0.3 0
134 0 0 0 0.56 0.3 0
135 0 0 0 0.64 0.3 0
136 0 0 0 0.72 0.3 0
137 0 0 0 0.8 0.3 0
138 0 0 0 0.88 0.3 0
139 0 0 0 0.96 0.3 0
140 0 0 0 1.04 0.3 0
141 0 0 0 1.12 0.3 0
142 0 0 0 1.2 0.3 0
143 0 0 0 1.28 0.3 0
144 0 0 0 1.36 0.3 0
145 0 0 0 1.44 0.3 0
146 0 0 0 1.52 0.3 0
147 1 0 1 1.6 0.3 0
148 1 0 1 0 0.35 0
149 0 0 0 0.08 0.35 0
150 0 0 0 0.16 0.35 0
151 0 0 0 0.24 0.35 0
152 0 0 0 0.32 0.35 0
153 0 0 0 0.4 0.35 0
154 0 0 0 0.48 0.35 0
155 0 0 0 0.56 0.35 0
156 0 0 0 0.64 0.35 0
157 0 0 0 0.72 0.35 0
158 0 0 0 0.8 0.35 0
159 0 0 0 0.88 0.35 0
160 0 0 0 0.96 0.35 0
161 0 0 0 1.04 0.35 0
162 0 0 0 1.12 0.35 0
163 0 0 0 1.2 0.35 0
164 0 0 0 1.28 0.35 0
165 0 0 0 1.36 0.35 0
166 0 0 0 1.44 0.35 0
167 0 0 0 1.52 0.35 0
168 1 0 1 1.6 0.35 0
169 1 0 1 0 0.4 0
170 0 0 0 0.08 0.4 0
171 0 0 0 0.16 0.4 0
172 0 0 0 0.24 0.4 0
173 0 0 0 0.32 0.4 0
174 0 0 0 0.4 0.4 0
175 0 0 0 0.48 0.4 0
176 0 0 0 0.56 0.4 0
177 0 0 0 0.64 0.4 0
178 0 0 0 0.72 0.4 0
179 0 0 0 0.8 0.4 0
180 0 0 0 0.88 0.4 0
181 0 0 0 0.96 0.4 0
182 0 0 0 1.04 0.4 0
183 0 0 0 1.12 0.4 0
184 0 0 0 1.2 0.4 0
185 0 0 0 1.28 0.4 0
186 0 0 0 1.36 0.4 0
187 0 0 0 1.44 0.4 0
188 0 0 0 1.52 0.4 0
189 1 0 1 1.6 0.4 0
190 1 0 1 0 0.45 0
191 0 0 0 0.08 0.45 0
192 0 0 0 0.16 0.45 0
193 0 0 0 0.24 0.45 0
194 0 0 0 0.32 0.45 0
195 0 0 0 0.4 0.45 0
196 0 0 0 0.48 0.45 0
197 0 0 0 0.56 0.45 0
198 0 0 0 0.64 0.45 0
199 0 0 0 0.72 0.45 0
200 0 0 0 0.8 0.45 0
201 0 0 0 0.88 0.45 0
202 0 0 0 0.96 0.45 0
203 0 0 0 1.04 0.45 0
204 0 0 0 1.12 0.45 0
205 0 0 0 1.2 0.45 0
206 0 0 0 1.28 0.45 0
207 0 0 0 1.36 0.45 0
208 0 0 0 1.44 0.45 0
209 0 0 0 1.52 0.45 0
210 1 0 1 1.6 0.45 0
211 1 0 1 0 0.5 0
212 0 0 0 0.08 0.5 0
213 0 0 0 0.16 0.5 0
214 0 0 0 0.24 0.5 0
215 0 0 0 0.32 0.5 0
216 0 0 0 0.4 0.5 0
217 0 0 0 0.48 0.5 0
218 0 0 0 0.56 0.5 0
219 0 0 0 0.64 0.5 0
220 0 0 0 0.72 0.5 0
221 0 0 0 0.8 0.5 0
222 0 0 0 0.88 0.5 0
223 0 0 0 0.96 0.5 0
224 0 0 0 1.04 0.5 0
225 0 0 0 1.12 0.5 0
226 0 0 0 1.2 0.5 0
227 0 0 0 1.28 0.5 0
228 0 0 0 1.36 0.5 0
229 0 0 0 1.44 0.5 0
230 0 0 0 1.52 0.5 0
231 1 0 1 1.6 0.5 0
232 1 0 1 0 0.55 0
233 0 0 0 0.08 0.55 0
234 0 0 0 0.16 0.55 0
235 0 0 0 0.24 0.55 0
236 0 0 0 0.32 0.55 0
237 0 0 0 0.4 0.55 0
238 0 0 0 0.48 0.55 0
239 0 0 0 0.56 0.55 0
240 0 0 0 0.64 0.55 0
241 0 0 0 0.72 0.55 0
242 0 0 0 0.8 0.55 0
243 0 0 0 0.88 0.55 0
244 0 0 0 0.96 0.55 0
245 0 0 0 1.04 0.55 0
246 0 0 0 1.12 0.55 0
247 0 0 0 1.2 0.55 0
248 0 0 0 1.28 0.55 0
249 0 0 0 1.36 0.55 0
250 0 0 0 1.44 0.55 0
251 0 0 0 1.52 0.55 0
252 1 0 1 1.6 0.55 0
253 1 0 1 0 0.6 0
254 0 0 0 0.08 0.6 0
255 0 0 0 0.16 0.6 0
256 0 0 0 0.24 0.6 0
257 0 0 0 0.32 0.6 0
258 0 0 0 0.4 0.6 0
259 0 0 0 0.48 0.6 0
260 0 0 0 0.56 0.6 0
261 0 0 0 0.64 0.6 0
262 0 0 0 0.72 0.6 0
263 0 0 0 0.8 0.6 0
264 0 0 0 0.88 0.6 0
265 0 0 0 0.96 0.6 0
266 0 0 0 1.04 0.6 0
267 0 0 0 1.12 0.6 0
268 0 0 0 1.2 0.6 0
269 0 0 0 1.28 0.6 0
270 0 0 0 1.36 0.6 0
271 0 0 0 1.44 0.6 0
272 0 0 0 1.52 0.6 0
273 1 0 1 1.6 0.6 0
274 1 0 1 0 0.65 0
275 0 0 0 0.08 0.65 0
276 0 0 0 0.16 0.65 0
277 0 0 0 0.24 0.65 0
278 0 0 0 0.32 0.65 0
279 0 0 0 0.4 0.65 0
280 0 0 0 0.48 0.65 0
281 0 0 0 0.56 0.65 0
282 0 0 0 0.64 0.65 0
283 0 0 0 0.72 0.65 0
284 0 0 0 0.8 0.65 0
285 0 0 0 0.88 0.65 0
286 0 0 0 0.96 0.65 0
287 0 0 0 1.04 0.65 0
288 0 0 0 1.12 0.65 0
289 0 0 0 1.2 0.65 0
290 0 0 0 1.28 0.65 0
291 0 0 0 1.36 0.65 0
292 0 0 0 1.44 0.65 0
293 0 0 0 1.52 0.65 0
294 1 0 1 1.6 0.65 0
295 1 0 1 0 0.7 0
296 0 0 0 0.08 0.7 0
297 0 0 0 0.16 0.7 0
298 0 0 0 0.24 0.7 0
299 0 0 0 0.32 0.7 0
300 0 0 0 0.4 0.7 0
301 0 0 0 0.48 0.7 0
302 0 0 0 0.56 0.7 0
303 0 0 0 0.64 0.7 0
304 0 0 0 0.72 0.7 0
305 0 0 0 0.8 0.7 0
306 0 0 0 0.88 0.7 0
307 0 0 0 0.96 0.7 0
308 0 0 0 1.04 0.7 0
309 0 0 0 1.12 0.7 0
310 0 0 0 1.2 0.7 0
311 0 0 0 1.28 0.7 0
312 0 0 0 1.36 0.7 0
313 0 0 0 1.44 0.7 0
314 0 0 0 1.52 0.7 0
315 1 0 1 1.6 0.7 0
316 1 0 1 0 0.75 0
317 0 0 0 0.08 0.75 0
318 0 0 0 0.16 0.75 0
319 0 0 0 0.24 0.75 0
320 0 0 0 0.32 0.75 0
321 0 0 0 0.4 0.75 0
322 0 0 0 0.48 0.75 0
323 0 0 0 0.56 0.75 0
324 0 0 0 0.64 0.75 0
325 0 0 0 0.72 0.75 0
326 0 0 0 0.8 0.75 0
327 0 0 0 0.88 0.75 0
328 0 0 0 0.96 0.75 0
329 0 0 0 1.04 0.75 0
330 0 0 0 1.12 0.75 0
331 0 0 0 1.2 0.75 0
332 0 0 0 1.28 0.75 0
333 0 0 0 1.36 0.75 0
334 0 0 0 1.44 0.75 0
335 0 0 0 1.52 0.75 0
336 1 0 1 1.6 0.75 0
337 1 0 1 0 0.8 0
338 0 0 0 0.08 0.8 0
339 0 0 0 0.16 0.8 0
340 0 0 0 0.24 0.8 0
341 0 0 0 0.32 0.8 0
342 0 0 0 0.4 0.8 0
343 0 0 0 0.48 0.8 0
344 0 0 0 0.56 0.8 0
345 0 0 0 0.64 0.8 0
346 0 0 0 0.72 0.8 0
347 0 0 0 0.8 0.8 0
348 0 0 0 0.88 0.8 0
349 0 0 0 0.96 0.8 0
350 0 0 0 1.04 0.8 0
351 0 0 0 1.12 0.8 0
352 0 0 0 1.2 0.8 0
353 0 0 0 1.28 0.8 0
354 0 0 0 1.36 0.8 0
355 0 0 0 1.44 0.8 0
356 0 0 0 1.52 0.8 0
357 1 0 1 1.6 0.8 0
358 1 0 1 0 0.85 0
359 0 0 0 0.08 0.85 0
360 0 0 0 0.16 0.85 0
361 0 0 0 0.24 0.85 0
362 0 0 0 0.32 0.85 0
363 0 0 0 0.4 0.85 0
364 0 0 0 0.48 0.85 0
365 0 0 0 0.56 0.85 0
366 0 0 0 0.64 0.85 0
367 0 0 0 0.72 0.85 0
368 0 0 0 0.8 0.85 0
369 0 0 0 0.88 0.85 0
370 0 0 0 0.96 0.85 0
371 0 0 0 1.04 0.85 0
372 0 0 0 1.12 0.85 0
373 0 0 0 1.2 0.85 0
374 0 0 0 1.28 0.85 0
375 0 0 0 1.36 0.85 0
376 0 0 0 1.44 0.85 0
377 0 0 0 1.52 0.85 0
378 1 0 1 1.6 0.85 0
379 1 0 1 0 0.9 0
380 0 0 0 0.08 0.9 0
381 0 0 0 0.16 0.9 0
382 0 0 0 0.24 0.9 0
383 0 0 0 0.32 0.9 0
384 0 0 0 0.4 0.9 0
385 0 0 0 0.48 0.9 0
386 0 0 0 0.56 0.9 0
387 0 0 0 0.64 0.9 0
388 0 0 0 0.72 0.9 0
389 0 0 0 0.8 0.9 0
390 0 0 0 0.88 0.9 0
391 0 0 0 0.96 0.9 0
392 0 0 0 1.04 0.9 0
393 0 0 0 1.12 0.9 0
394 0 0 0 1.2 0.9 0
395 0 0 0 1.28 0.9 0
396 0 0 0 1.36 0.9 0
397 0 0 0 1.44 0.9 0
398 0 0 0 1.52 0.9 0
399 1 0 1 1.6 0.9 0
400 1 0 1 0 0.95 0
401 0 0 0 0.08 0.95 0
402 0 0 0 0.16 0.95 0
403 0 0 0 0.24 0.95 0
404 0 0 0 0.32 0.95 0
405 0 0 0 0.4 0.95 0
406 0 0 0 0.48 0.95 0
407 0 0 0 0.56 0.95 0
408 0 0 0 0.64 0.95 0
409 0 0 0 0.72 0.95 0
410 0 0 0 0.8 0.95 0
411 0 0 0 0.88 0.95 0
412 0 0 0 0.96 0.95 0
413 0 0 0 1.04 0.95 0
414 0 0 0 1.12 0.95 0
415 0 0 0 1.2 0.95 0
416 0 0 0 1.28 0.95 0
417 0 0 0 1.36 0.95 0
418 0 0 0 1.44 0.95 0
419 0 0 0 1.52 0.95 0
420 1 0 1 1.6 0.95 0
421 1 1 1 0 1 0
422 1 1 0 0.08 1 0
423 1 1 0 0.16 1 0
424 1 1 0 0.24 1 0
425 1 1 0 0.32 1 0
426 1 1 0 0.4 1 0
427 1 1 0 0.48 1 0
428 1 1 0 0.56 1 0
429 1 1 0 0.64 1 0
430 1 1 0 0.72 1 0
431 1 1 0 0.8 1 0
432 1 1 0 0.88 1 0
433 1 1 0 0.96 1 0
434 1 1 0 1.04 1 0
435 1 1 0 1.12 1 0
436 1 1 0 1.2 1 0
437 1 1 0 1.28 1 0
438 1 1 0 1.36 1 0
439 1 1 0 1.44 1 0
440 1 1 0 1.52 1 0
441 1 1 1 1.6 1 0
0 0 0
1 0
0
3 400 1
1 72E9 0.23 0.01 2500
1 23 22 1 2 1 1
2 24 23 2 3 1 1
3 25 24 3 4 1 1
4 26 25 4 5 1 1
5 27 26 5 6 1 1
6 28 27 6 7 1 1
7 29 28 7 8 1 1
8 30 29 8 9 1 1
9 31 30 9 10 1 1
10 32 31 10 11 1 1
11 33 32 11 12 1 1
12 34 33 12 13 1 1
13 35 34 13 14 1 1
14 36 35 14 15 1 1
15 37 36 15 16 1 1
16 38 37 16 17 1 1
17 39 38 17 18 1 1
18 40 39 18 19 1 1
19 41 40 19 20 1 1
20 42 41 20 21 1 1
21 44 43 22 23 1 1
22 45 44 23 24 1 1
23 46 45 24 25 1 1
24 47 46 25 26 1 1
25 48 47 26 27 1 1
26 49 48 27 28 1 1
27 50 49 28 29 1 1
28 51 50 29 30 1 1
29 52 51 30 31 1 1
30 53 52 31 32 1 1
31 54 53 32 33 1 1
32 55 54 33 34 1 1
33 56 55 34 35 1 1
34 57 56 35 36 1 1
35 58 57 36 37 1 1
36 59 58 37 38 1 1
37 60 59 38 39 1 1
38 61 60 39 40 1 1
39 62 61 40 41 1 1
40 63 62 41 42 1 1
41 65 64 43 44 1 1
42 66 65 44 45 1 1
43 67 66 45 46 1 1
44 68 67 46 47 1 1
45 69 68 47 48 1 1
46 70 69 48 49 1 1
47 71 70 49 50 1 1
48 72 71 50 51 1 1
49 73 72 51 52 1 1
50 74 73 52 53 1 1
51 75 74 53 54 1 1
52 76 75 54 55 1 1
53 77 76 55 56 1 1
54 78 77 56 57 1 1
55 79 78 57 58 1 1
56 80 79 58 59 1 1
57 81 80 59 60 1 1
58 82 81 60 61 1 1
59 83 82 61 62 1 1
60 84 83 62 63 1 1
61 86 85 64 65 1 1
62 87 86 65 66 1 1
63 88 87 66 67 1 1
64 89 88 67 68 1 1
65 90 89 68 69 1 1
66 91 90 69 70 1 1
67 92 91 70 71 1 1
68 93 92 71 72 1 1
69 94 93 72 73 1 1
70 95 94 73 74 1 1
71 96 95 74 75 1 1
72 97 96 75 76 1 1
73 98 97 76 77 1 1
74 99 98 77 78 1 1
75 100 99 78 79 1 1
76 101 100 79 80 1 1
77 102 101 80 81 1 1
78 103 102 81 82 1 1
79 104 103 82 83 1 1
80 105 104 83 84 1 1
81 107 106 85 86 1 1
82 108 107 86 87 1 1
83 109 108 87 88 1 1
84 110 109 88 89 1 1
85 111 110 89 90 1 1
86 112 111 90 91 1 1
87 113 112 91 92 1 1
88 114 113 92 93 1 1
89 115 114 93 94 1 1
90 116 115 94 95 1 1
91 117 116 95 96 1 1
92 118 117 96 97 1 1
93 119 118 97 98 1 1
94 120 119 98 99 1 1
95 121 120 99 100 1 1
96 122 121 100 101 1 1
97 123 122 101 102 1 1
98 124 123 102 103 1 1
99 125 124 103 104 1 1
100 126 125 104 105 1 1
101 128 127 106 107 1 1
102 129 128 107 108 1 1
103 130 129 108 109 1 1
104 131 130 109 110 1 1
105 132 131 110 111 1 1
106 133 132 111 112 1 1
107 134 133 112 113 1 1
108 135 134 113 114 1 1
109 136 135 114 115 1 1
110 137 136 115 116 1 1
111 138 137 116 117 1 1
112 139 138 117 118 1 1
113 140 139 118 119 1 1
114 141 140 119 120 1 1
115 142 141 120 121 1 1
116 143 142 121 122 1 1
117 144 143 122 123 1 1
118 145 144 123 124 1 1
119 146 145 124 125 1 1
120 147 146 125 126 1 1
121 149 148 127 128 1 1
122 150 149 128 129 1 1
123 151 150 129 130 1 1
124 152 151 130 131 1 1
125 153 152 131 132 1 1
126 154 153 132 133 1 1
127 155 154 133 134 1 1
128 156 155 134 135 1 1
129 157 156 135 136 1 1
130 158 157 136 137 1 1
131 159 158 137 138 1 1
132 160 159 138 139 1 1
133 161 160 139 140 1 1
134 162 161 140 141 1 1
135 163 162 141 142 1 1
136 164 163 142 143 1 1
137 165 164 143 144 1 1
138 166 165 144 145 1 1
139 167 166 145 146 1 1
140 168 167 146 147 1 1
141 170 169 148 149 1 1
142 171 170 149 150 1 1
143 172 171 150 151 1 1
144 173 172 151 152 1 1
145 174 173 152 153 1 1
146 175 174 153 154 1 1
147 176 175 154 155 1 1
148 177 176 155 156 1 1
149 178 177 156 157 1 1
150 179 178 157 158 1 1
151 180 179 158 159 1 1
152 181 180 159 160 1 1
153 182 181 160 161 1 1
154 183 182 161 162 1 1
155 184 183 162 163 1 1
156 185 184 163 164 1 1
157 186 185 164 165 1 1
158 187 186 165 166 1 1
159 188 187 166 167 1 1
160 189 188 167 168 1 1
161 191 190 169 170 1 1
162 192 191 170 171 1 1
163 193 192 171 172 1 1
164 194 193 172 173 1 1
165 195 194 173 174 1 1
166 196 195 174 175 1 1
167 197 196 175 176 1 1
168 198 197 176 177 1 1
169 199 198 177 178 1 1
170 200 199 178 179 1 1
171 201 200 179 180 1 1
172 202 201 180 181 1 1
173 203 202 181 182 1 1
174 204 203 182 183 1 1
175 205 204 183 184 1 1
176 206 205 184 185 1 1
177 207 206 185 186 1 1
178 208 207 186 187 1 1
179 209 208 187 188 1 1
180 210 209 188 189 1 1
181 212 211 190 191 1 1
182 213 212 191 192 1 1
183 214 213 192 193 1 1
184 215 214 193 194 1 1
185 216 215 194 195 1 1
186 217 216 195 196 1 1
187 218 217 196 197 1 1
188 219 218 197 198 1 1
189 220 219 198 199 1 1
190 221 220 199 200 1 1
191 222 221 200 201 1 1
192 223 222 201 202 1 1
193 224 223 202 203 1 1
194 225 224 203 204 1 1
195 226 225 204 205 1 1
196 227 226 205 206 1 1
197 228 227 206 207 1 1
198 229 228 207 208 1 1
199 230 229 208 209 1 1
200 231 230 209 210 1 1
201 233 232 211 212 1 1
202 234 233 212 213 1 1
203 235 234 213 214 1 1
204 236 235 214 215 1 1
205 237 236 215 216 1 1
206 238 237 216 217 1 1
207 239 238 217 218 1 1
208 240 239 218 219 1 1
209 241 240 219 220 1 1
210 242 241 220 221 1 1
211 243 242 221 222 1 1
212 244 243 222 223 1 1
213 245 244 223 224 1 1
214 246 245 224 225 1 1
215 247 246 225 226 1 1
216 248 247 226 227 1 1
217 249 248 227 228 1 1
218 250 249 228 229 1 1
219 251 250 229 230 1 1
220 252 251 230 231 1 1
221 254 253 232 233 1 1
222 255 254 233 234 1 1
223 256 255 234 235 1 1
224 257 256 235 236 1 1
225 258 257 236 237 1 1
226 259 258 237 238 1 1
227 260 259 238 239 1 1
228 261 260 239 240 1 1
229 262 261 240 241 1 1
230 263 262 241 242 1 1
231 264 263 242 243 1 1
232 265 264 243 244 1 1
233 266 265 244 245 1 1
234 267 266 245 246 1 1
235 268 267 246 247 1 1
236 269 268 247 248 1 1
237 270 269 248 249 1 1
238 271 270 249 250 1 1
239 272 271 250 251 1 1
240 273 272 251 252 1 1
241 275 274 253 254 1 1
242 276 275 254 255 1 1
243 277 276 255 256 1 1
244 278 277 256 257 1 1
245 279 278 257 258 1 1
246 280 279 258 259 1 1
247 281 280 259 260 1 1
248 282 281 260 261 1 1
249 283 282 261 262 1 1
250 284 283 262 263 1 1
251 285 284 263 264 1 1
252 286 285 264 265 1 1
253 287 286 265 266 1 1
254 288 287 266 267 1 1
255 289 288 267 268 1 1
256 290 289 268 269 1 1
257 291 290 269 270 1 1
258 292 291 270 271 1 1
259 293 292 271 272 1 1
260 294 293 272 273 1 1
261 296 295 274 275 1 1
262 297 296 275 276 1 1
263 298 297 276 277 1 1
264 299 298 277 278 1 1
265 300 299 278 279 1 1
266 301 300 279 280 1 1
267 302 301 280 281 1 1
268 303 302 281 282 1 1
269 304 303 282 283 1 1
270 305 304 283 284 1 1
271 306 305 284 285 1 1
272 307 306 285 286 1 1
273 308 307 286 287 1 1
274 309 308 287 288 1 1
275 310 309 288 289 1 1
276 311 310 289 290 1 1
277 312 311 290 291 1 1
278 313 312 291 292 1 1
279 314 313 292 293 1 1
280 315 314 293 294 1 1
281 317 316 295 296 1 1
282 318 317 296 297 1 1
283 319 318 297 298 1 1
284 320 319 298 299 1 1
285 321 320 299 300 1 1
286 322 321 300 301 1 1
287 323 322 301 302 1 1
288 324 323 302 303 1 1
289 325 324 303 304 1 1
290 326 325 304 305 1 1
291 327 326 305 306 1 1
292 328 327 306 307 1 1
293 329 328 307 308 1 1
294 330 329 308 309 1 1
295 331 330 309 310 1 1
296 332 331 310 311 1 1
297 333 332 311 312 1 1
298 334 333 312 313 1 1
299 335 334 313 314 1 1
300 336 335 314 315 1 1
301 338 337 316 317 1 1
302 339 338 317 318 1 1
303 340 339 318 319 1 1
304 341 340 319 320 1 1
305 342 341 320 321 1 1
306 343 342 321 322 1 1
307 344 343 322 323 1 1
308 345 344 323 324 1 1
309 346 345 324 325 1 1
310 347 346 325 326 1 1
311 348 347 326 327 1 1
312 349 348 327 328 1 1
313 350 349 328 329 1 1
314 351 350 329 330 1 1
315 352 351 330 331 1 1
316 353 352 331 332 1 1
317 354 353 332 333 1 1
318 355 354 333 334 1 1
319 356 355 334 335 1 1
320 357 356 335 336 1 1
321 359 358 337 338 1 1
322 360 359 338 339 1 1
323 361 360 339 340 1 1
324 362 361 340 341 1 1
325 363 362 341 342 1 1
326 364 363 342 343 1 1
327 365 364 343 344 1 1
328 366 365 344 345 1 1
329 367 366 345 346 1 1
330 368 367 346 347 1 1
331 369 368 347 348 1 1
332 370 369 348 349 1 1
333 371 370 349 350 1 1
334 372 371 350 351 1 1
335 373 372 351 352 1 1
336 374 373 352 353 1 1
337 375 374 353 354 1 1
338 376 375 354 355 1 1
339 377 376 355 356 1 1
340 378 377 356 357 1 1
341 380 379 358 359 1 1
342 381 380 359 360 1 1
343 382 381 360 361 1 1
344 383 382 361 362 1 1
345 384 383 362 363 1 1
346 385 384 363 364 1 1
347 386 385 364 365 1 1
348 387 386 365 366 1 1
349 388 387 366 367 1 1
350 389 388 367 368 1 1
351 390 389 368 369 1 1
352 391 390 369 370 1 1
353 392 391 370 371 1 1
354 393 392 371 372 1 1
355 394 393 372 373 1 1
356 395 394 373 374 1 1
357 396 395 374 375 1 1
358 397 396 375 376 1 1
359 398 397 376 377 1 1
360 399 398 377 378 1 1
361 401 400 379 380 1 1
362 402 401 380 381 1 1
363 403 402 381 382 1 1
364 404 403 382 383 1 1
365 405 404 383 384 1 1
366 406 405 384 385 1 1
367 407 406 385 386 1 1
368 408 407 386 387 1 1
369 409 408 387 388 1 1
370 410 409 388 389 1 1
371 411 410 389 390 1 1
372 412 411 390 391 1 1
373 413 412 391 392 1 1
374 414 413 392 393 1 1
375 415 414 393 394 1 1
376 416 415 394 395 1 1
377 417 416 395 396 1 1
378 418 417 396 397 1 1
379 419 418 397 398 1 1
380 420 419 398 399 1 1
381 422 421 400 401 1 1
382 423 422 401 402 1 1
383 424 423 402 403 1 1
384 425 424 403 404 1 1
385 426 425 404 405 1 1
386 427 426 405 406 1 1
387 428 427 406 407 1 1
388 429 428 407 408 1 1
389 430 429 408 409 1 1
390 431 430 409 410 1 1
391 432 431 410 411 1 1
392 433 432 411 412 1 1
393 434 433 412 413 1 1
394 435 434 413 414 1 1
395 436 435 414 415 1 1
396 437 436 415 416 1 1
397 438 437 416 417 1 1
398 439 438 417 418 1 1
399 440 439 418 419 1 1
400 441 440 419 420 1 1
-1E4 0